Mean Noise Amplitude <length scales>
-----------ALL SAMPLES-------------
11299.3756576 0.001 377361.783275 0.0241792334509 0.622474665261 
11318.6632181 0.001 377433.041688 0.0248779371327 0.584338689947 
11297.8886117 0.001 377563.565267 0.0298321602179 0.503942621966 
11096.0771885 0.001 377501.98375 0.0286920063004 0.514423646741 
11073.9105369 0.001 377559.252345 0.0216132207962 0.512932217604 
11320.2080656 0.001 377636.633037 0.0323455344263 0.537330014065 
11309.4443486 0.001 377640.929126 0.0187579929167 0.525469689751 
11366.105759 0.001 377643.901338 0.0262239765451 0.634104880949 
11266.2178628 0.001 377924.642024 0.0289660297223 0.530354062551 
11084.7367492 0.001 378490.028938 0.0344931099236 0.527062826242 
-----------MEAN OF SAMPLES-------------
11243.2627998 0.001 377675.576079 0.0269981201432 0.549243331508 
