Mean Noise Amplitude <length scales>
-----------ALL SAMPLES-------------
9998.56447703 0.001 232314.387499 0.0376734455847 0.401942395895 
10328.3317997 0.001 232740.818646 0.0460279600553 0.423992163465 
10352.9332721 0.001 232674.029136 0.0662517062998 0.408049507349 
10258.0417277 0.001 232826.29123 0.0579535728032 0.37783144662 
10255.0208988 0.001 232899.71452 0.0410584971033 0.388297928949 
10293.0828761 0.001 232622.139162 0.0372742618061 0.409216597403 
11044.5282148 0.001 232352.288077 0.0393160224615 0.426175084845 
11040.4228658 0.001 232312.735115 0.0310503498749 0.459554240915 
10876.3768201 0.001 232261.780527 0.0335244478045 0.440479852684 
11202.2511608 0.001 232441.303416 0.0417962541895 0.448352960168 
-----------MEAN OF SAMPLES-------------
10564.9554113 0.001 232544.548733 0.0431926517983 0.418389217829 
