Mean Noise Amplitude <length scales>
-----------ALL SAMPLES-------------
15451.166781 0.001 360794.554658 0.0950430790017 0.394387434032 
15396.5782514 0.001 360846.93668 0.0929963328444 0.397057344808 
15418.1197133 0.001 360643.972177 0.0795126445572 0.406631271123 
15161.6545572 0.001 360690.577291 0.0878426676761 0.414546470211 
15404.800278 0.001 360438.174947 0.114732401026 0.41247801831 
15119.6942885 0.001 360378.272311 0.114842548499 0.389388472552 
15067.028344 0.001 360420.393325 0.0367839412267 0.398809769329 
14947.9816348 0.001 360524.497576 0.0523142657999 0.387624717941 
14961.2631668 0.001 361219.87284 0.0692640860703 0.378001694447 
15246.3640385 0.001 360676.347373 0.0590771896921 0.41573421986 
-----------MEAN OF SAMPLES-------------
15217.4651053 0.001 360663.359918 0.0802409156394 0.399465941261 
