Mean Noise Amplitude <length scales>
-----------ALL SAMPLES-------------
15136.0422617 0.001 259076.681004 0.548739735685 0.0806304308318 
14753.7704547 0.001 259113.094491 0.524480702341 0.0932304464157 
14747.2209212 0.001 259869.696129 0.564086657267 0.105388627769 
14539.5713944 0.001 260019.166194 0.482577735394 0.055658191557 
14400.5557895 0.001 259912.502332 0.599815401517 0.0814033684827 
14759.3305934 0.001 260373.331064 0.484958068736 0.0973614395112 
14581.9381266 0.001 260549.514953 0.590618611027 0.0858223906432 
14259.2610867 0.001 260992.898352 0.553841729611 0.0549184995772 
14192.9466867 0.001 260994.194445 0.562159161986 0.0529906458475 
14172.7198493 0.001 260687.570393 0.563305211565 0.094145429471 
-----------MEAN OF SAMPLES-------------
14554.3357164 0.001 260158.864936 0.547458301513 0.0801549470107 
