Mean Noise Amplitude <length scales>
-----------ALL SAMPLES-------------
42041.5913117 0.001 674539.555914 0.205552930868 0.153901780279 
42101.6248704 0.001 674629.258215 0.201478780374 0.132179670318 
42017.3323183 0.001 675353.742066 0.2224794753 0.145894113087 
42128.4631435 0.001 675760.33861 0.219330761561 0.141423241668 
42047.4998444 0.001 676001.359073 0.203318456852 0.136550720062 
41750.4424636 0.001 676359.890531 0.215824246915 0.146552742481 
42140.6074462 0.001 676593.823666 0.203983158667 0.142673479614 
42531.3118078 0.001 677177.87958 0.21281616842 0.134993542045 
42224.2293434 0.001 677771.730348 0.208935618024 0.153113332313 
42508.2406828 0.001 678189.967451 0.20056197184 0.141925843168 
-----------MEAN OF SAMPLES-------------
42149.1343232 0.001 676237.754545 0.209428156882 0.142920846503 
