Mean Noise Amplitude <length scales>
-----------ALL SAMPLES-------------
-0.498880987858 0.001 1.04439889295 0.78669076481 0.492513840555 0.791073568796 0.458130130205 0.323608063127 0.531576432664 
-0.750599114407 0.001 0.795801405633 0.548792265088 0.956518112312 1.1589455494 0.222086539279 0.340583131815 0.512285663923 
-0.616684488425 0.001 0.731724963883 0.904055306217 0.706229887464 1.33089011602 0.463455972821 0.337084854355 0.513606985251 
-0.558699287004 0.001 1.0734544534 0.717346129464 0.710998471196 1.12939605979 0.515130542192 0.391328035334 0.572218368292 
-0.515531152031 0.001 1.06609127208 1.0874487632 0.657293325809 1.11119232667 0.424489632603 0.381515082821 0.565633314374 
-0.390831618364 0.001 1.02518051405 1.11205880829 0.977425487586 1.31992115308 0.411175406544 0.351416272012 0.548123409886 
-0.169407403736 0.001 1.17690145388 0.841554878935 0.793114419441 1.22156493363 0.444658843949 0.414138129219 0.555480050491 
-0.129822955008 0.001 1.14473447688 1.03378977016 0.916787994348 0.941443558029 0.476263054629 0.36240344709 0.54901506624 
-0.101049313398 0.001 1.19781475207 0.874667747523 0.541574274693 0.973800062198 0.5070681501 0.357825698276 0.470646399151 
-0.333397438978 0.001 1.23132830442 1.00551141079 1.00069641282 1.17889851269 0.581286397236 0.42366615211 0.462100020927 
-----------MEAN OF SAMPLES-------------
-0.406490375921 0.001 1.04874304893 0.891191584448 0.775315222622 1.11571258403 0.450374466956 0.368356886616 0.52806857112 
