Mean Noise Amplitude <length scales>
-----------ALL SAMPLES-------------
9133.19971691 0.001 243621.887767 0.230254199569 0.139066489132 
9123.22150385 0.001 243715.022117 0.2246476341 0.138801634362 
9102.84539923 0.001 243733.620502 0.224001062379 0.130427018925 
8838.56554392 0.001 243906.584945 0.209714452008 0.133469903474 
8532.05968529 0.001 243872.741177 0.19944211814 0.146453187667 
8519.87547374 0.001 243952.14051 0.198429241412 0.154964434929 
8874.84975726 0.001 243679.959589 0.201208867418 0.151168593605 
9422.01288158 0.001 244116.976943 0.197964091083 0.143451774075 
9070.28650002 0.001 244234.215918 0.193732541698 0.150709256311 
9138.67841035 0.001 244213.51932 0.211617701869 0.150477197674 
-----------MEAN OF SAMPLES-------------
8975.55948721 0.001 243904.666879 0.209101190968 0.143898949015 
