Mean Noise Amplitude <length scales>
-----------ALL SAMPLES-------------
42953.8342981 0.001 439068.939344 0.2274788352 0.0842967009031 
42847.2931225 0.001 439007.619392 0.231455975764 0.0799401648447 
43006.0954309 0.001 439566.770453 0.23017082499 0.0750050443385 
42368.4955732 0.001 439964.353477 0.230566608032 0.0845098516419 
43055.2758147 0.001 439919.83482 0.232695958706 0.0858402448988 
42471.392153 0.001 439997.352321 0.236329045889 0.0900523039153 
42432.6724157 0.001 440017.832852 0.230533064146 0.090086465854 
42967.3523179 0.001 440360.393365 0.231992507317 0.0935097176609 
42739.8167208 0.001 440318.719683 0.232020238018 0.0968668939145 
42695.5872348 0.001 440323.697658 0.222207663114 0.0714735525011 
-----------MEAN OF SAMPLES-------------
42753.7815082 0.001 439854.551337 0.230545072118 0.0851580940473 
