Mean Noise Amplitude <length scales>
-----------ALL SAMPLES-------------
43392.4027293 0.001 658183.126567 0.225850352413 0.133380623103 
43544.2217673 0.001 658348.245633 0.232889523557 0.134728626493 
43041.869254 0.001 658355.765251 0.230602721711 0.129281840355 
43115.9235954 0.001 658588.811417 0.239170493587 0.134671296737 
43090.77815 0.001 658589.583165 0.232090673563 0.137312831138 
43140.9189979 0.001 658719.414048 0.228456770903 0.126975429485 
43843.6244961 0.001 659216.792303 0.239227110344 0.129476676072 
43793.2391828 0.001 658609.426025 0.228108137269 0.138008176789 
43692.9071532 0.001 659050.984808 0.240335036609 0.129382296683 
43814.5198307 0.001 659286.54128 0.24520108431 0.133402369046 
-----------MEAN OF SAMPLES-------------
43447.0405157 0.001 658694.86905 0.234193190427 0.13266201659 
