Mean Noise Amplitude <length scales>
-----------ALL SAMPLES-------------
14673.8430424 0.001 265734.886328 0.0724838817936 0.378026522946 
14582.7319043 0.001 265698.604914 0.0945132195884 0.40435267129 
14661.9697989 0.001 265804.087239 0.0747376391311 0.385193980832 
14600.2858505 0.001 266081.505009 0.0677106431149 0.371561623641 
14618.3338848 0.001 266845.720378 0.0375265068563 0.363095396415 
14620.756526 0.001 266746.730599 0.109307845918 0.361572256718 
14573.2778847 0.001 266958.204944 0.0507807511504 0.390890842131 
14781.8418343 0.001 267001.10409 0.0541737403242 0.381355324419 
14409.0491503 0.001 267031.730785 0.0720847894568 0.358351858402 
14662.1120941 0.001 266783.480105 0.0714145237048 0.413846028658 
-----------MEAN OF SAMPLES-------------
14618.420197 0.001 266468.605439 0.0704733541038 0.380824650545 
