Mean Noise Amplitude <length scales>
-----------ALL SAMPLES-------------
14939.9650643 0.001 269688.125538 0.553924512299 0.107963279338 
14987.3767725 0.001 269661.350348 0.490660321409 0.101824355032 
14642.7967401 0.001 269707.325525 0.529884683987 0.0737045840308 
14182.813777 0.001 270202.526864 0.489109431241 0.0906670958569 
14548.7735556 0.001 269823.791885 0.496394259102 0.0724533414453 
14679.3559505 0.001 269885.103283 0.519829522653 0.107116834958 
14669.0556052 0.001 269871.491722 0.531275089728 0.119907039186 
14809.4160425 0.001 269881.197227 0.529526759709 0.129551903063 
14835.6704417 0.001 269949.297316 0.481750084959 0.0945531737961 
14829.8916962 0.001 269958.672809 0.503628908734 0.0858190398678 
-----------MEAN OF SAMPLES-------------
14712.5115646 0.001 269862.888252 0.512598357382 0.0983560646574 
