Mean Noise Amplitude <length scales>
-----------ALL SAMPLES-------------
9630.13923849 0.001 245098.736742 0.258253311933 0.145918541379 
9561.53710377 0.001 245077.595198 0.280370139899 0.128711454542 
9117.10174991 0.001 244795.724947 0.277242995542 0.137103714085 
9329.45519256 0.001 244312.255293 0.272551365419 0.145395929767 
9370.65086538 0.001 244783.758567 0.27624446237 0.142656931718 
9346.69587273 0.001 244689.521519 0.282011859058 0.132725256821 
9396.40081498 0.001 244685.261932 0.286184396781 0.12450732567 
9076.5628208 0.001 244916.594879 0.270570858476 0.157764787166 
9100.67799771 0.001 244962.757023 0.238636055165 0.161374977248 
9055.32326249 0.001 244828.129279 0.264481437567 0.158031910467 
-----------MEAN OF SAMPLES-------------
9298.45449188 0.001 244815.033538 0.270654688221 0.143419082886 
