Mean Noise Amplitude <length scales>
-----------ALL SAMPLES-------------
10216.6475085 0.001 222512.728179 0.112586938299 0.313638016295 
10404.2669018 0.001 222849.996477 0.120874539344 0.367677260879 
10477.3488312 0.001 222783.638262 0.116673953315 0.355767605128 
10956.3439432 0.001 223005.681177 0.0947982824954 0.380836069201 
10670.8660549 0.001 223041.8485 0.106094314802 0.362392741421 
11186.4590864 0.001 223412.090086 0.114026298589 0.377059196441 
10763.7937413 0.001 223537.509607 0.105100314679 0.367619234483 
10138.2693785 0.001 224002.486396 0.0954225791093 0.362722157399 
10032.8912397 0.001 224434.446666 0.10795875701 0.352215328617 
10246.7462959 0.001 224440.854059 0.107484381601 0.352295606996 
-----------MEAN OF SAMPLES-------------
10509.3632981 0.001 223402.127941 0.108102035925 0.359222321686 
