Mean Noise Amplitude <length scales>
-----------ALL SAMPLES-------------
-0.0533427554804 0.001 0.338274645415 0.546560898799 0.601697535003 0.61445361982 0.318109967372 0.206311665355 0.378807643143 
-0.0690861475755 0.001 0.391640519289 0.527597483428 0.604244606446 0.771372899495 0.298990413095 0.233350949387 0.278452228388 
-0.0501907016587 0.001 0.402870568183 0.424854334637 0.576971936498 0.620748147525 0.32844372569 0.296460705543 0.343184913429 
-0.0410777980828 0.001 0.403443211661 0.611216331263 0.516393555439 0.814119635649 0.424076865539 0.325666558429 0.345976056175 
-0.104405760994 0.001 0.340759798419 0.565997242679 0.435032815905 0.909614548987 0.412832399871 0.216637620786 0.31822265369 
-0.029670916915 0.001 0.456631209252 0.869363138495 0.679879241591 0.806461143675 0.361149274586 0.238821361695 0.402167242009 
-0.0684487209429 0.001 0.454251611237 0.595244354095 0.455817913624 0.475624730933 0.440194868844 0.244153800137 0.343309156529 
-0.115144943989 0.001 0.431656350453 0.375442592915 0.60857700654 0.789001869704 0.360034342738 0.425685523788 0.48020464524 
-0.0549929243708 0.001 0.573671240483 0.608174176547 0.547813406373 0.676574133979 0.356344010486 0.327654553269 0.459043271421 
-0.022435905354 0.001 0.596607935271 0.57514808731 0.646213178631 0.72132069808 0.37170121926 0.309730111476 0.453081038289 
-----------MEAN OF SAMPLES-------------
-0.0608796575364 0.001 0.438980708966 0.569959864017 0.567264119605 0.719929142785 0.367187708748 0.282447284987 0.380244884831 
