Mean Noise Amplitude <length scales>
-----------ALL SAMPLES-------------
105463.457289 0.001 383971.172616 0.114246912876 1.35232760216 
105384.612813 0.001 384347.025325 0.11443136573 1.37747692783 
105632.48807 0.001 384361.618999 0.114122261854 1.36274782139 
105572.785207 0.001 384356.522381 0.114897935918 1.34345088867 
105856.980701 0.001 384541.721017 0.11483584202 1.38589877372 
105318.086819 0.001 384861.96798 0.115851535391 1.26528391574 
104961.619629 0.001 385374.373 0.115620475936 1.25025767774 
105248.25934 0.001 385618.756088 0.115772235708 1.24862809904 
105325.555954 0.001 385669.96151 0.115503497218 1.30067603534 
105170.37841 0.001 385994.09757 0.115493634388 1.32000760086 
-----------MEAN OF SAMPLES-------------
105393.422423 0.001 384909.721649 0.115077569704 1.32067553425 
