Mean Noise Amplitude <length scales>
-----------ALL SAMPLES-------------
14924.6913528 0.001 400605.61597 0.0909899429716 0.369426626173 
15052.8749137 0.001 400216.630089 0.0944541295851 0.392507850336 
14987.8495865 0.001 400481.069868 0.091708580563 0.428626492421 
14986.1132069 0.001 400446.633285 0.0579391908224 0.373502331989 
14948.0129243 0.001 400465.518681 0.0926306701776 0.384975165754 
14509.6809126 0.001 400447.490886 0.134072047693 0.370182325651 
14914.4074807 0.001 400816.329391 0.0802522304868 0.412798529237 
14958.949352 0.001 400751.445584 0.0452327843521 0.377206920956 
14443.5028619 0.001 400868.719131 0.0868060126612 0.370325162253 
14437.3568589 0.001 400911.612203 0.0627411089764 0.399298618842 
-----------MEAN OF SAMPLES-------------
14816.343945 0.001 400601.106509 0.0836826698289 0.387885002361 
