Mean Noise Amplitude <length scales>
-----------ALL SAMPLES-------------
-0.282550829499 0.001 0.457403129722 0.224694778823 0.39479456125 1.70672663549 0.30191222624 0.939396603681 0.244142458173 
-0.31544453095 0.001 0.2989869896 0.186679446018 0.259990827631 1.78347913758 0.276971722221 1.88127260647 0.192381101578 
-0.363081974624 0.001 0.29795158173 0.184258363697 0.308433094734 1.95032366249 0.163404345406 1.86152500531 0.165826970768 
-0.360130307615 0.001 0.279206221142 0.226077590638 0.331664068696 1.88311926282 0.32617440775 1.87944025116 0.188005524348 
-0.441442802746 0.001 0.268581496988 0.227997724196 0.299770346634 1.98112683655 0.223375163227 1.86167238424 0.259312449628 
-0.393151569169 0.001 0.386941452903 0.217338749276 0.333925693255 1.87826200715 0.202432622063 1.90276820635 0.269716724991 
-0.386052020656 0.001 0.362484328859 0.299210261436 0.331333716582 1.60274149573 0.211899685639 1.87809175507 0.310990830021 
-0.140114825554 0.001 0.418494941556 0.310092745455 0.415987115395 1.66195179909 0.301407682083 1.46497891925 0.234889701609 
-0.259574522384 0.001 0.475852441636 0.240799076864 0.380701831533 1.65532837291 0.429363052615 1.40988582279 0.25347866455 
-0.0362229122264 0.001 0.501167562672 0.277648507128 0.306454456179 1.76701849675 0.415472224709 1.53942690757 0.338264747836 
-----------MEAN OF SAMPLES-------------
-0.297776629542 0.001 0.374707014681 0.239479724353 0.336305571189 1.78700777066 0.285241313195 1.66184584619 0.24570091735 
