Mean Noise Amplitude <length scales>
-----------ALL SAMPLES-------------
15629.7966388 0.001 404473.933519 0.584682723378 0.108957698841 
15562.3445765 0.001 404581.611372 0.604556290912 0.120896016919 
14684.1939208 0.001 404903.158069 0.590548150745 0.0444930857591 
14940.450262 0.001 405289.747006 0.572266794402 0.0747477934546 
14655.7822755 0.001 406172.572811 0.491397511009 0.0467217241903 
14348.4976052 0.001 406689.109167 0.52774841275 0.109317328265 
14153.2129087 0.001 407188.517797 0.566945116941 0.0652307829509 
14900.5486889 0.001 407049.33735 0.55096096618 0.058961580774 
14903.1336631 0.001 407007.03293 0.484088316943 0.0834865239968 
14899.4676436 0.001 407001.229569 0.57389643136 0.0886110605288 
-----------MEAN OF SAMPLES-------------
14867.7428183 0.001 406035.624959 0.554709071462 0.0801423595679 
