Mean Noise Amplitude <length scales>
-----------ALL SAMPLES-------------
45488.030741 0.001 631546.135987 0.0658199487028 1.24426464908 
45448.2503296 0.001 631509.901654 0.0660628392806 1.2491795198 
45448.0655873 0.001 631456.448374 0.0472034718303 1.21829458359 
45097.4239147 0.001 631508.721597 0.0802702020191 1.23232707749 
45167.7114893 0.001 631533.654165 0.0773554827978 1.25401013242 
45487.1821398 0.001 631849.663753 0.0631688921836 1.25395766617 
45643.2854217 0.001 631521.276928 0.0711732314045 1.2484423914 
45885.2608821 0.001 632301.245676 0.0530128069028 1.24559503239 
45655.63917 0.001 633054.220566 0.0655880875771 1.27523684757 
45543.7641321 0.001 633097.780399 0.086615978714 1.2719078495 
-----------MEAN OF SAMPLES-------------
45486.4613807 0.001 631937.90491 0.0676270941413 1.24932157494 
