Mean Noise Amplitude <length scales>
-----------ALL SAMPLES-------------
-0.0739556402353 0.001 0.490523968005 0.63649179148 0.614238277835 0.742133149661 0.239111164066 0.229668599422 0.427723362956 
-0.0281510753146 0.001 0.369734284222 0.506762892009 0.531113185686 0.829187173547 0.31444407707 0.228297902295 0.2587632806 
-0.106177872224 0.001 0.289049121706 0.55659310904 0.524748354895 0.714318879719 0.305129771863 0.239509759132 0.286105671409 
-0.0906850611921 0.001 0.276127544594 0.54002381029 0.543620633242 0.77261197406 0.287300633984 0.206870051356 0.308913262256 
-0.038279798883 0.001 0.309699687686 0.524057564549 0.53897447698 0.610456348531 0.264478297879 0.276126404216 0.358519660507 
-0.15565017616 0.001 0.24933481162 0.519900320728 0.45032224085 0.693565219414 0.2761890501 0.16524699858 0.393335967234 
-0.241625082048 0.001 0.242101157795 0.461587764469 0.535825912855 0.657136485379 0.268470063282 0.268290971221 0.348421614604 
-0.0556183472173 0.001 0.388877856478 0.566615255008 0.610804712175 0.729747999136 0.339976164528 0.291442835561 0.402278181335 
-0.047483594872 0.001 0.365725365367 0.425396954576 0.500148001797 0.85701885466 0.322961834486 0.201025485587 0.248350311354 
-0.0309162388563 0.001 0.31276506706 0.463368610913 0.561969049264 0.84840186799 0.330655842139 0.208306758754 0.262332623112 
-----------MEAN OF SAMPLES-------------
-0.0868542887003 0.001 0.329393886453 0.520079807306 0.541176484558 0.74545779521 0.294871689939 0.231478576613 0.329474393537 
