Mean Noise Amplitude <length scales>
-----------ALL SAMPLES-------------
44389.4789324 0.001 366751.364429 0.238078812797 0.0901061102199 
44219.4626587 0.001 367161.432936 0.239761902176 0.0548489241191 
44444.4130186 0.001 367641.625333 0.23644986444 0.0656880699644 
43572.3575741 0.001 367895.361633 0.238140966228 0.0624339397278 
43892.9157535 0.001 368042.663305 0.236792518225 0.0738778767974 
43885.4617835 0.001 368303.77388 0.234931661947 0.0571874959098 
43956.4842202 0.001 368602.790749 0.241489899409 0.0710449194033 
43973.8746793 0.001 368829.239902 0.241543455464 0.0833346890345 
44036.8829981 0.001 368973.496569 0.244241875776 0.0305058403183 
43862.5759097 0.001 369249.314174 0.234138450107 0.0574768285303 
-----------MEAN OF SAMPLES-------------
44023.3907528 0.001 368145.106291 0.238556940657 0.0646504694025 
