Mean Noise Amplitude <length scales>
-----------ALL SAMPLES-------------
44128.6390236 0.001 547281.264951 0.08203326953 1.22934549581 
44127.1462347 0.001 547281.571455 0.0499279661423 1.21529922405 
44253.0710047 0.001 547368.484983 0.0510524909607 1.26832635076 
44214.1730011 0.001 547386.815971 0.0775455212963 1.25075315746 
44309.565854 0.001 547452.86217 0.0634678053239 1.23896638467 
43739.7480448 0.001 548043.03356 0.0932839779872 1.21594980958 
43727.8717946 0.001 547989.18888 0.0779930376326 1.21116794883 
44077.5058089 0.001 548306.961325 0.067102765837 1.20959971891 
44308.1267379 0.001 548859.590658 0.0435207810933 1.27955929693 
44587.00189 0.001 548945.014092 0.0822229702283 1.21221520598 
-----------MEAN OF SAMPLES-------------
44147.2849394 0.001 547891.478804 0.0688150586032 1.2331182593 
