Mean Noise Amplitude <length scales>
-----------ALL SAMPLES-------------
46100.3537894 0.001 458266.469674 0.0805043249114 1.41782552811 
46161.6460082 0.001 458224.098839 0.0935979317433 1.42232814937 
46479.8947636 0.001 458471.619154 0.056985332107 1.46245624872 
46048.6984766 0.001 459179.662652 0.072362448446 1.35632811511 
46124.2584218 0.001 459415.158253 0.068667262681 1.397282174 
45583.2002354 0.001 459696.249974 0.0500926168088 1.45216800836 
45075.7962973 0.001 459986.482925 0.0545476223936 1.42407732015 
45014.3132207 0.001 460028.592952 0.0533024906853 1.41776658156 
44931.8701058 0.001 459943.181462 0.0593385483512 1.42133183902 
44508.5201971 0.001 459832.582512 0.0528488034272 1.4188779088 
-----------MEAN OF SAMPLES-------------
45602.8551516 0.001 459304.40984 0.0642247381555 1.41904418732 
