Mean Noise Amplitude <length scales>
-----------ALL SAMPLES-------------
-0.210094708949 0.001 0.707858944462 0.732839645318 0.949514994007 0.566602363409 0.433339240815 0.242845787508 0.55776670758 
-0.213968031779 0.001 0.703860206149 0.62359836782 0.793774195079 0.560896555062 0.543462319672 0.268296967703 0.573427805966 
-0.164052025648 0.001 0.713811689925 0.660914183519 0.731112212169 0.876304964714 0.416775825849 0.342897813393 0.555270506404 
-0.097137659012 0.001 0.523342665372 0.65109343316 0.760906526591 0.874849368132 0.409276643435 0.263375693295 0.554212759636 
-0.0999048329176 0.001 0.78819625164 0.599360811082 0.858428089629 0.893669399712 0.490293732424 0.252998585644 0.481406047659 
-0.0686542943093 0.001 0.77343076467 0.595473052604 0.950531240889 0.904001305357 0.593460056486 0.288288123698 0.482479747734 
-0.173058725921 0.001 0.805755133692 0.686693399251 0.803106467306 0.824633983717 0.462454119172 0.347546087515 0.424602495382 
-0.288618254448 0.001 0.702199798082 0.659858193521 0.550589556839 0.74800233708 0.474952134961 0.295541886403 0.437071413637 
-0.455800077919 0.001 0.765103979764 0.705671504169 0.523520097056 0.770167465153 0.541360316056 0.396061587714 0.401804954932 
-0.443488039345 0.001 0.606080473 0.462341292955 0.718730848188 0.730026868962 0.561759190584 0.22062679579 0.452125314713 
-----------MEAN OF SAMPLES-------------
-0.221477665025 0.001 0.708963990675 0.63778438834 0.764021422775 0.77491546113 0.492713357945 0.291847932866 0.492016775364 
