Mean Noise Amplitude <length scales>
-----------ALL SAMPLES-------------
-0.223112934163 0.001 0.503815377175 0.309649053178 0.477815764021 1.94028288075 0.305620754108 1.89476089755 0.352319850993 
-0.0486305927623 0.001 0.508241336573 0.160082456595 0.475952465246 1.89623664216 0.283562844647 1.88051847602 0.315344786143 
-0.13477045951 0.001 0.603935080573 0.166769671038 0.258500439303 1.98062532513 0.371626166763 1.86076836811 0.277196551599 
-0.106631374786 0.001 0.561276673916 0.227093241314 0.412326145154 1.69151887097 0.389235927173 1.67833809439 0.278296962011 
-0.272563454244 0.001 0.451275100983 0.236842631938 0.438345634406 1.75557744519 0.224875443891 1.63833607579 0.26330422828 
-0.258289918763 0.001 0.405836296182 0.196907540155 0.505648294778 1.41441714068 0.308086934761 1.89338817916 0.378645902541 
-0.0282144788056 0.001 0.674885701001 0.238717952897 0.479293653062 1.8838905513 0.423464667764 1.88566273749 0.396823053938 
-0.0704431255441 0.001 0.655331067759 0.349583454406 0.313769208422 1.79762741197 0.363362875569 1.81837451214 0.251120457578 
-0.0860909257374 0.001 0.660637155143 0.156731800697 0.551810718822 1.99478867979 0.320409989689 1.89222180285 0.266724482729 
-0.13587008524 0.001 0.686533783086 0.24541150238 0.291723185063 1.99834824687 0.338412373016 1.90255837275 0.281613003936 
-----------MEAN OF SAMPLES-------------
-0.136461734956 0.001 0.571176757239 0.22877893046 0.420518550828 1.83533131948 0.332865797738 1.83449275163 0.306138927975 
