Mean Noise Amplitude <length scales>
-----------ALL SAMPLES-------------
-0.34691159144 0.001 0.56657726691 0.743772313224 0.681725662859 0.497596959845 0.402303376495 0.314963530897 0.532735685953 
-0.204800590481 0.001 0.402279790946 0.793625750873 0.470113639128 0.436734208444 0.401394407067 0.194293532886 0.39299107395 
-0.212600832024 0.001 0.416515095989 0.589128366944 0.450481628736 0.418297661004 0.296826457854 0.245343902253 0.572293112206 
-0.230575085619 0.001 0.390686725887 0.514958910938 0.627418908574 0.502424785016 0.404822590928 0.296741670504 0.687494948887 
-0.266063014604 0.001 0.372985887329 0.577920819918 0.571136821903 0.521221552298 0.317566252095 0.319691646105 0.655312921649 
-0.336621413427 0.001 0.409498703442 0.543982638764 0.589532316174 0.503061640063 0.265757942392 0.323107329425 0.383829565621 
-0.270410118737 0.001 0.474742615268 0.493263211876 0.584897446251 0.467323611145 0.542309850158 0.272891634869 0.615370021811 
-0.319301486211 0.001 0.512929335323 0.534258427752 0.794222397263 0.508150552823 0.552098965866 0.313643656103 0.450370446817 
-0.0746236251106 0.001 0.700118374919 0.935348825656 0.679474168458 0.74857584039 0.522592543429 0.265140623997 0.730156184634 
-0.146458616349 0.001 0.930444388543 0.903161803911 0.704507920467 0.561817402433 0.389988048487 0.404179497917 0.796620770891 
-----------MEAN OF SAMPLES-------------
-0.2408366374 0.001 0.517677818456 0.662942106986 0.615351090981 0.516520421346 0.409566043477 0.294999702496 0.581717473242 
