Mean Noise Amplitude <length scales>
-----------ALL SAMPLES-------------
43263.5502029 0.001 627743.757032 0.133062148818 1.03402143043 
43913.5813805 0.001 627981.399653 0.135919855973 1.01517585237 
43922.0874868 0.001 627954.627224 0.136124338234 1.02014528078 
43746.4463145 0.001 628436.065947 0.133054433168 1.02332226847 
43579.0229768 0.001 628273.729869 0.136802800688 1.03923627393 
43586.4558361 0.001 628270.912434 0.129711664862 1.01861914353 
43602.6463441 0.001 628335.851462 0.128910547816 1.02709994813 
43861.7145505 0.001 628970.351108 0.131439020655 0.995548235205 
43769.3777575 0.001 628974.763144 0.133342170665 0.996848342564 
43764.5010919 0.001 628964.809677 0.13528171208 0.981934875738 
-----------MEAN OF SAMPLES-------------
43700.9383941 0.001 628390.626755 0.133364869296 1.01519516511 
