Mean Noise Amplitude <length scales>
-----------ALL SAMPLES-------------
14920.5861365 0.001 128390.4374 0.559631888845 0.0886919886319 
15150.7896084 0.001 128391.232267 0.573831556371 0.0817997555231 
15045.8389931 0.001 128759.338229 0.538877621202 0.10734333114 
14348.2023994 0.001 128955.969137 0.519288824991 0.0856860640792 
14444.7098721 0.001 129015.739161 0.575999411393 0.0508595408394 
14506.6635956 0.001 128961.376996 0.563494227711 0.0803875050409 
14411.3242869 0.001 129610.968501 0.561459327898 0.0856720659153 
14258.6793379 0.001 129778.355822 0.566827193546 0.100202040155 
14270.0356576 0.001 129767.303337 0.536557945012 0.0718646252203 
14535.4991631 0.001 129635.289438 0.543149791153 0.0880802315011 
-----------MEAN OF SAMPLES-------------
14589.232905 0.001 129126.601029 0.553911778812 0.0840587148046 
