Mean Noise Amplitude <length scales>
-----------ALL SAMPLES-------------
10642.657343 0.001 225806.361792 0.0919661148173 0.375737067104 
10839.2587928 0.001 226045.265336 0.035735797729 0.374760448246 
10842.7033748 0.001 226124.46353 0.103851883818 0.372599314636 
10784.9367234 0.001 226597.217287 0.0446299224055 0.380349218344 
10846.6779314 0.001 226602.514768 0.049042561667 0.382243303604 
10801.0620395 0.001 226572.828309 0.0446862318778 0.415562125652 
10527.1541054 0.001 227021.586831 0.104567933304 0.36400851214 
10468.4898028 0.001 226997.929298 0.0771637307564 0.381739645469 
10957.1111531 0.001 227767.030511 0.0627184416083 0.394025655979 
10978.0463532 0.001 227730.755269 0.0327687968355 0.415095046561 
-----------MEAN OF SAMPLES-------------
10768.8097619 0.001 226726.595293 0.0647131414819 0.385612033774 
