Mean Noise Amplitude <length scales>
-----------ALL SAMPLES-------------
15711.6651373 0.001 406239.281582 0.597938180006 0.0734132064973 
15838.3441037 0.001 407192.988929 0.635276286074 0.0562041318275 
15278.756699 0.001 406882.306209 0.564222400417 0.060146461524 
15043.8910734 0.001 406847.890355 0.620873235197 0.109625071416 
15127.780024 0.001 407077.753302 0.53232822332 0.0905483401772 
15496.8728447 0.001 407947.913923 0.540049852089 0.100045572299 
15227.7419524 0.001 408176.059346 0.571695891243 0.0915017992256 
15206.6111245 0.001 408112.551325 0.534462882985 0.0787391663014 
15205.3653064 0.001 407741.146299 0.605761237095 0.0721486783539 
15066.3165633 0.001 407291.432139 0.527879419359 0.0984248383171 
-----------MEAN OF SAMPLES-------------
15320.3344829 0.001 407350.932341 0.573048760778 0.0830797265939 
