Mean Noise Amplitude <length scales>
-----------ALL SAMPLES-------------
42623.231236 0.001 390052.064004 0.238384908199 0.115043491542 
42526.5312946 0.001 390157.925977 0.241369205892 0.115255167676 
43340.3921511 0.001 390167.688737 0.235049180196 0.115169962095 
43621.0096249 0.001 390399.50683 0.241522395576 0.116745797351 
43256.9624672 0.001 390667.805436 0.237054382554 0.115220271863 
42719.247593 0.001 390880.844572 0.229753577628 0.117197770253 
43037.6625307 0.001 391148.900641 0.23975153983 0.11411961173 
43433.4828499 0.001 391473.332049 0.235261538252 0.114155157906 
43233.0067907 0.001 392172.604731 0.230703604915 0.117071281531 
43186.6914122 0.001 392255.329817 0.230694911658 0.108405920763 
-----------MEAN OF SAMPLES-------------
43097.821795 0.001 390937.600279 0.23595452447 0.114838443271 
