Mean Noise Amplitude <length scales>
-----------ALL SAMPLES-------------
44141.3116474 0.001 620196.599213 0.139936705134 1.01546030651 
44179.7430173 0.001 620181.995888 0.13363046981 0.995230023538 
44228.7058674 0.001 620141.509858 0.13036061521 0.983205153955 
44321.7346047 0.001 620268.221261 0.130739682588 0.949373393898 
43885.3351623 0.001 620960.54652 0.133271537905 1.01338341911 
44285.1190876 0.001 620978.781268 0.132578786325 0.942854436213 
44155.5351529 0.001 620880.109309 0.13129966397 1.02403121691 
44375.776833 0.001 621194.450854 0.134409299291 0.996310279776 
44529.9182592 0.001 622011.017494 0.135823471591 0.947710354146 
44492.9900405 0.001 622770.574167 0.123975160864 1.00160006773 
-----------MEAN OF SAMPLES-------------
44259.6169672 0.001 620958.380583 0.132602539269 0.986915865179 
