Mean Noise Amplitude <length scales>
-----------ALL SAMPLES-------------
-0.101656222604 0.001 0.515517798232 0.811936823587 0.490362027966 0.582439305226 0.402708721192 0.205380180707 0.385765753578 
-0.141609264875 0.001 0.503453259756 0.407061868553 0.535793177635 0.583749256546 0.348259076608 0.218733967163 0.352217070319 
-0.141717943047 0.001 0.530165312301 0.508514010615 0.637280694588 0.578001922534 0.350515761458 0.332891149688 0.46974737156 
-0.143026179181 0.001 0.551661837027 0.710676333124 0.615303559315 0.613898017585 0.399728492213 0.338326899037 0.413765655416 
-0.132156406626 0.001 0.556889387602 0.553726522644 0.612485415047 0.660548959448 0.333327409643 0.244083872539 0.406919281148 
-0.262242007793 0.001 0.520071643786 0.625936768816 0.770954140357 0.872006676449 0.3563669466 0.31950488054 0.356810465655 
-0.271955716597 0.001 0.533466310905 0.613015415681 0.716155841428 0.813076927249 0.343962641949 0.278147708341 0.40696513283 
-0.172328129352 0.001 0.642459173077 0.727239270361 0.714951974318 0.754325516259 0.473666200495 0.324965177029 0.439706132593 
-0.390302097495 0.001 0.601945174624 0.728585711589 0.784714880655 0.769829399306 0.374176431756 0.302109406271 0.465556146229 
-0.0300072101667 0.001 0.44020101974 0.57591862241 0.620413719511 0.796433812407 0.255124601692 0.254715213874 0.321103385037 
-----------MEAN OF SAMPLES-------------
-0.178700117774 0.001 0.539583091705 0.626261134738 0.649841543082 0.702430979301 0.363783628361 0.281885845519 0.401855639437 
