Mean Noise Amplitude <length scales>
-----------ALL SAMPLES-------------
-0.482906448211 0.001 0.486699310962 0.257834795205 0.32017608463 1.98745858659 0.358375230268 1.82943426578 0.361142038025 
-0.485725332492 0.001 0.349766922546 0.182199752075 0.257624025988 1.91567478482 0.287028444089 1.90911181239 0.336602867983 
-0.428738728799 0.001 0.356132751294 0.292175107098 0.241532965959 1.92833570084 0.232680537476 1.72231858037 0.256483937842 
-0.462783994831 0.001 0.427831885984 0.188274638049 0.37180057609 1.69165588887 0.287574677246 1.7839994117 0.281015923824 
-0.463386573219 0.001 0.428104155751 0.191620930966 0.321826745554 1.66346201685 0.28547493369 1.44557796798 0.272389076244 
-0.355528417572 0.001 0.298899260278 0.294030790281 0.339088537846 1.69543360585 0.25148240414 1.54799747266 0.273712361389 
-0.394081245007 0.001 0.332557989293 0.287240431206 0.270371386005 1.74910653716 0.321050235729 1.74967977805 0.248740433792 
-0.33484949853 0.001 0.336544005776 0.19020234838 0.322007839357 1.61951528539 0.275835659274 1.84466686966 0.244249835683 
-0.370287936112 0.001 0.299540196156 0.2169016234 0.345308794556 1.64149233314 0.204517693109 1.86374042951 0.196136755798 
-0.430182337401 0.001 0.383787759676 0.218475662377 0.307909502776 1.92580358317 0.352918887947 1.92309557812 0.295671967653 
-----------MEAN OF SAMPLES-------------
-0.420847051217 0.001 0.369986423772 0.231895607904 0.309764645876 1.78179383227 0.285693870297 1.76196221662 0.276614519824 
