Mean Noise Amplitude <length scales>
-----------ALL SAMPLES-------------
10738.5386876 0.001 247192.209909 0.122795660474 0.306084649487 
10495.0207723 0.001 247148.377662 0.131091074618 0.312349755922 
10378.5561 0.001 247098.672899 0.123638504831 0.309202842235 
10517.0954668 0.001 247090.629074 0.125297640841 0.310206209549 
10818.4677427 0.001 247828.128497 0.123877868797 0.291784546813 
10992.3473966 0.001 248433.548618 0.124520778257 0.304221922999 
10524.2230561 0.001 248653.215015 0.116092284699 0.304889653709 
10372.2688389 0.001 249021.150532 0.122138300501 0.299491176884 
10123.902939 0.001 248978.818819 0.122057163572 0.300354226441 
10614.078645 0.001 248968.372658 0.123455160675 0.29846954564 
-----------MEAN OF SAMPLES-------------
10557.4499645 0.001 248041.312368 0.123496443726 0.303705452968 
