Mean Noise Amplitude <length scales>
-----------ALL SAMPLES-------------
46246.8171228 0.001 352514.246193 0.0544626511034 1.24775078714 
45712.3393536 0.001 352919.860544 0.0770012134557 1.2407618116 
45454.6359744 0.001 353092.769397 0.0846873624518 1.24254785763 
45189.8538149 0.001 353323.080317 0.0744082863447 1.25454216568 
45154.3400163 0.001 353387.229701 0.0801560382821 1.25257066173 
45246.4263897 0.001 353480.953551 0.047932778985 1.25753873453 
45377.8220893 0.001 353461.481846 0.06838387689 1.20864529117 
45368.1667531 0.001 353536.387698 0.0578452747024 1.23549155034 
45318.549678 0.001 353728.598377 0.0827683881514 1.24656336963 
45081.4119071 0.001 353897.712413 0.0888568260897 1.23346546291 
-----------MEAN OF SAMPLES-------------
45415.0363099 0.001 353334.232004 0.0716502696456 1.24198776924 
