Mean Noise Amplitude <length scales>
-----------ALL SAMPLES-------------
42906.96665 0.001 370327.8249 0.122230435171 0.982303035815 
42753.4320092 0.001 370261.948381 0.127132190499 0.99579368837 
42771.5706513 0.001 371105.1352 0.128509886798 0.997138820457 
43456.8129512 0.001 371298.363427 0.127882647191 0.977687520463 
43421.9741792 0.001 371700.135634 0.127122176403 0.981727856978 
43432.3277621 0.001 371866.52661 0.126754939686 0.976650055571 
43751.7049469 0.001 372649.345452 0.129002047307 1.01423177995 
43751.7157052 0.001 372649.257334 0.124841784508 1.01032447227 
43840.0864067 0.001 373152.712332 0.1274432949 1.01736630274 
43852.9631496 0.001 373134.511414 0.124893314232 0.989993179624 
-----------MEAN OF SAMPLES-------------
43393.9554411 0.001 371814.576068 0.12658127167 0.994321671224 
