Mean Noise Amplitude <length scales>
-----------ALL SAMPLES-------------
101411.237908 0.001 377516.158269 0.129516600734 0.809012618115 
101397.459835 0.001 377743.378861 0.129711744692 0.806620195807 
101189.90401 0.001 378091.235792 0.129738214012 0.803330260754 
101782.259969 0.001 378268.789751 0.129859854193 0.807872629298 
101835.075327 0.001 378364.634394 0.12974820352 0.797923381261 
101884.120095 0.001 378622.425251 0.130080860827 0.810464967412 
101735.911676 0.001 378899.569315 0.13067341652 0.800894325046 
101765.049641 0.001 379403.269154 0.130560437311 0.791787644745 
102025.716766 0.001 379568.154109 0.130330608096 0.799630897774 
102144.156928 0.001 380160.883928 0.130426259824 0.800600986279 
-----------MEAN OF SAMPLES-------------
101717.089215 0.001 378663.849882 0.130064619973 0.802813790649 
