Mean Noise Amplitude <length scales>
-----------ALL SAMPLES-------------
10881.0964469 0.001 293568.157527 0.0233715306187 0.65615342794 
11181.8309769 0.001 294170.030193 0.0229877747007 0.707915837689 
11265.909271 0.001 294159.221848 0.0238042487411 0.667411227089 
11011.246222 0.001 293807.212006 0.021908780278 0.646172042905 
11374.950561 0.001 293654.945269 0.0251331632288 0.653933355427 
11001.47366 0.001 294067.305076 0.0222401803315 0.588638261236 
10726.0672885 0.001 294408.844082 0.0265266498213 0.648316519711 
10922.5197408 0.001 295268.163039 0.0198518150584 0.655722258039 
11000.2716252 0.001 295173.126327 0.0222134861643 0.685211848244 
10898.9025261 0.001 294878.692136 0.0252402255233 0.610236337786 
-----------MEAN OF SAMPLES-------------
11026.4268318 0.001 294315.56975 0.0233277854466 0.651971111606 
