Mean Noise Amplitude <length scales>
-----------ALL SAMPLES-------------
11839.3637267 0.001 230314.544581 0.128677413691 0.997548007588 
11965.0439699 0.001 230833.812223 0.130863932575 0.965894268178 
11974.3795096 0.001 230845.79597 0.11690604564 0.905874829218 
12167.5325904 0.001 231656.664095 0.130053315847 0.955689101153 
12443.6378206 0.001 231869.920022 0.121443737358 0.903204336245 
12370.990851 0.001 231801.611693 0.133909631754 0.938108663634 
12856.8327381 0.001 232591.298515 0.12785199812 0.905673229366 
12397.2401195 0.001 232183.559981 0.150878030248 0.869827887605 
12345.7119617 0.001 231738.543405 0.108935076877 0.968418072524 
12465.69028 0.001 231672.534959 0.10728849237 0.951066862155 
-----------MEAN OF SAMPLES-------------
12282.6423567 0.001 231550.828544 0.125680767448 0.936130525767 
