Mean Noise Amplitude <length scales>
-----------ALL SAMPLES-------------
110802.794487 0.001 720963.334157 0.125965054806 0.790027134497 
110418.888792 0.001 721274.117386 0.124943716616 0.785538764478 
109993.996629 0.001 721763.546179 0.12605432818 0.793900094328 
109444.900582 0.001 721809.270542 0.125371107209 0.79525735943 
109462.913286 0.001 721849.876459 0.125011355829 0.798557674393 
109438.333973 0.001 722055.950737 0.125610260655 0.79177321298 
108792.21382 0.001 722081.659736 0.124494220797 0.816548109026 
108844.212041 0.001 722162.369943 0.123774155521 0.808230597813 
108692.141287 0.001 722571.792569 0.123877856882 0.808841987528 
108603.008953 0.001 722689.856719 0.123915394291 0.811955536207 
-----------MEAN OF SAMPLES-------------
109449.340385 0.001 721922.177443 0.124901745079 0.800063047068 
