Mean Noise Amplitude <length scales>
-----------ALL SAMPLES-------------
10242.6973068 0.001 235843.051243 0.580271822663 0.108383241238 
10480.5114922 0.001 235806.118073 0.475981236415 0.108204482337 
10333.9185456 0.001 235925.443158 0.522161572321 0.128841296556 
10749.913893 0.001 236045.66828 0.550942801212 0.127373512765 
10450.1013821 0.001 235839.976125 0.449539762216 0.137947802603 
10446.8384807 0.001 235837.637139 0.540603319995 0.119899204988 
10089.9235378 0.001 235825.019329 0.544453273633 0.119825747667 
10296.1504185 0.001 235741.803541 0.54559448216 0.130257742165 
10180.2189569 0.001 235680.372988 0.576435216614 0.127593372412 
10126.1285193 0.001 236438.525807 0.450350355445 0.119967050681 
-----------MEAN OF SAMPLES-------------
10339.6402533 0.001 235898.361568 0.523633384267 0.122829345341 
