Mean Noise Amplitude <length scales>
-----------ALL SAMPLES-------------
10138.8470425 0.001 245091.324146 0.472663803489 0.111988527914 
9785.6151663 0.001 245206.989113 0.509246892986 0.118269736144 
9863.95959865 0.001 245047.324662 0.413918377367 0.117729869187 
10066.5774901 0.001 245393.483964 0.413270344562 0.130570126624 
10164.9946516 0.001 245556.175852 0.428903707047 0.123610871566 
9799.13260484 0.001 245421.942349 0.455087858563 0.128499638753 
9811.18959214 0.001 245401.651463 0.432402509006 0.123076872656 
10334.1669147 0.001 245208.558154 0.455622484169 0.124184266795 
10161.6737733 0.001 245293.340969 0.476087481187 0.12212610753 
10231.8682334 0.001 245322.103128 0.48463624818 0.114623549761 
-----------MEAN OF SAMPLES-------------
10035.8025067 0.001 245294.28938 0.454183970656 0.121467956693 
