Mean Noise Amplitude <length scales>
-----------ALL SAMPLES-------------
15167.3402949 0.001 401364.485359 0.595378459355 0.0762350684942 
14830.2601139 0.001 401762.178543 0.497429995189 0.0704912593933 
14743.9038779 0.001 402108.18247 0.515435202732 0.113032413689 
15047.4404539 0.001 401899.674695 0.602330235452 0.0416831338035 
15164.4305146 0.001 402401.453166 0.589362023582 0.0726306744628 
15383.787226 0.001 402870.557704 0.590381714094 0.0746247942009 
15396.6976989 0.001 402729.320907 0.570094692447 0.0899570302251 
15347.4138309 0.001 402803.783491 0.539872244059 0.106465651065 
15048.3094853 0.001 402805.966706 0.577181301473 0.0325421118236 
15158.6213529 0.001 402868.091558 0.576483775046 0.0621690585317 
-----------MEAN OF SAMPLES-------------
15128.8204849 0.001 402361.36946 0.565394964343 0.0739831195689 
