Mean Noise Amplitude <length scales>
-----------ALL SAMPLES-------------
42454.8991601 0.001 653381.394787 0.200139607789 0.174748470411 
42290.0664926 0.001 653402.700527 0.201279072379 0.17817912062 
42269.9450887 0.001 653544.951281 0.213832535583 0.162822117437 
42672.7102108 0.001 653952.461535 0.204391107267 0.180127162765 
42444.8184276 0.001 654085.872244 0.208204086724 0.173107102327 
42443.1073519 0.001 654094.815474 0.209745636255 0.177032079733 
42401.5046383 0.001 654094.795052 0.192173439395 0.170233138509 
42424.6590031 0.001 653773.329208 0.191845909839 0.18853191387 
42430.3795723 0.001 653738.283922 0.196804037924 0.183798422325 
42406.2294008 0.001 653698.460197 0.208268424393 0.171280135452 
-----------MEAN OF SAMPLES-------------
42423.8319346 0.001 653776.706423 0.202668385755 0.175985966345 
