Mean Noise Amplitude <length scales>
-----------ALL SAMPLES-------------
43653.6366324 0.001 296766.353762 0.226058123066 0.12862203161 
43853.8796978 0.001 296780.477968 0.23276641288 0.140463392481 
43663.1848037 0.001 296876.459963 0.231728717684 0.131259280402 
43205.6522138 0.001 297088.463478 0.229224944623 0.140197759957 
43685.9387228 0.001 297095.061191 0.216476216713 0.135215414703 
43428.3828223 0.001 297465.542615 0.219594693209 0.140247717454 
43034.0279215 0.001 297655.06949 0.22160836093 0.126743608839 
43023.2139847 0.001 297665.446852 0.220980070749 0.132347556858 
42774.3973417 0.001 297885.29626 0.224592178766 0.132256364741 
43249.3376459 0.001 298574.942448 0.220778227259 0.139542873224 
-----------MEAN OF SAMPLES-------------
43357.1651787 0.001 297385.311403 0.224380794588 0.134689600027 
