Mean Noise Amplitude <length scales>
-----------ALL SAMPLES-------------
44696.6323835 0.001 569623.505022 0.228726753395 0.105183869653 
44310.3576012 0.001 569546.019053 0.221717039635 0.116733870581 
44288.6878901 0.001 569455.50228 0.224380259625 0.101238484588 
44597.0430051 0.001 569538.315968 0.226977772703 0.0946948753469 
44651.6455194 0.001 570093.293184 0.231284116195 0.107563950626 
44650.9617133 0.001 569931.118688 0.229925774361 0.0891419414284 
44174.5134679 0.001 570512.721695 0.218357868364 0.0960821005453 
44287.2863253 0.001 570645.887502 0.232463047715 0.109178615022 
44152.919634 0.001 570644.144243 0.228704709078 0.0951906296427 
44154.2036336 0.001 570704.663099 0.217014674523 0.0928880961912 
-----------MEAN OF SAMPLES-------------
44396.4251173 0.001 570069.517073 0.225955201559 0.100789643362 
