Mean Noise Amplitude <length scales>
-----------ALL SAMPLES-------------
43851.6817723 0.001 654365.430146 0.226457817257 0.117236487987 
43722.649215 0.001 654535.966704 0.222708819175 0.134130981213 
43736.9436573 0.001 654550.805355 0.239221013439 0.13593179601 
43482.1013577 0.001 654671.810877 0.239341236203 0.137838254741 
43494.5562228 0.001 654751.069428 0.237052929704 0.109909686403 
44255.7143506 0.001 654886.620401 0.235709841106 0.128836129498 
44789.6027117 0.001 655461.491932 0.232746400989 0.132833514545 
44734.0235294 0.001 655883.507289 0.243522911208 0.129284555243 
44727.1621331 0.001 655668.668267 0.237347077958 0.109362129047 
44704.5020458 0.001 655909.586139 0.236510531256 0.10110833577 
-----------MEAN OF SAMPLES-------------
44149.8936996 0.001 655068.495654 0.235061857829 0.123647187046 
