Mean Noise Amplitude <length scales>
-----------ALL SAMPLES-------------
-0.385740678871 0.001 0.302612771628 0.257926475558 0.304253067022 1.6975028741 0.29726151702 1.208899141 0.291497237589 
-0.374817029096 0.001 0.292185071241 0.256539561121 0.276375071556 1.96097531813 0.284593094415 1.44087359543 0.281916864668 
-0.292113347141 0.001 0.364132181741 0.217326973669 0.288441160532 1.98949741196 0.304769794883 0.989848137011 0.266251832359 
-0.304509793305 0.001 0.366469557019 0.230786790039 0.350074222472 1.68478333928 0.303514109512 1.00387579452 0.252544577422 
-0.338241060317 0.001 0.3158048497 0.207459237011 0.264046363278 1.78637933716 0.291232534103 1.40366782637 0.172218688733 
-0.352859039231 0.001 0.309240328283 0.249300562019 0.319815343219 1.81609317866 0.27484140732 1.40784637346 0.395215851078 
-0.2822638368 0.001 0.390198194461 0.213605710841 0.298038636508 1.77755980282 0.326986146182 1.49334642386 0.327799348133 
-0.024821206957 0.001 0.421092443441 0.290583894334 0.301811107247 1.66911016398 0.341598203808 1.56514088041 0.304932775621 
-0.0469857886395 0.001 0.260941128981 0.260977447775 0.287014531702 1.78784137817 0.308227781675 1.70179466343 0.260339045409 
-0.134705126744 0.001 0.416859494034 0.272005641632 0.323784364777 1.71468851997 0.296717644447 1.72005571446 0.270930785428 
-----------MEAN OF SAMPLES-------------
-0.25370569071 0.001 0.343953602053 0.2456512294 0.301365386831 1.78844313242 0.302974223336 1.39353485499 0.282364700644 
