Mean Noise Amplitude <length scales>
-----------ALL SAMPLES-------------
15169.5878886 0.001 239346.084255 0.474663451501 0.0844086220938 
15201.858839 0.001 239424.549478 0.626907062659 0.0751474571106 
14495.5655635 0.001 239743.676158 0.56843450975 0.0752570253057 
14676.2249784 0.001 239727.752468 0.476315398493 0.0343832916642 
14469.4676432 0.001 240319.19059 0.492636470908 0.0725369994192 
14831.8387697 0.001 239952.992577 0.59509470986 0.0777249127374 
14916.4234765 0.001 239935.260077 0.566214477438 0.0623753094188 
15050.3326942 0.001 239786.183307 0.570762135306 0.0708406923481 
14291.6215931 0.001 240187.415641 0.579937344621 0.0645097818654 
14293.1301458 0.001 240152.956915 0.448228747563 0.111583057448 
-----------MEAN OF SAMPLES-------------
14739.6051592 0.001 239857.606147 0.53991943081 0.0728767149411 
