Mean Noise Amplitude <length scales>
-----------ALL SAMPLES-------------
10233.170155 0.001 236558.765213 0.117968882829 0.380248755342 
10235.3029412 0.001 236635.297613 0.119548926934 0.351684617936 
10592.7150382 0.001 236493.482464 0.130012746015 0.376998280021 
10812.9305752 0.001 236516.557359 0.111543203165 0.397497573516 
10821.4313541 0.001 236405.917172 0.142152380512 0.369901183738 
10698.646079 0.001 236494.722122 0.138341596766 0.37976976425 
10565.975291 0.001 236617.424406 0.123346092983 0.379942743022 
10797.8700142 0.001 236622.608507 0.127942381362 0.3321344862 
10797.6780395 0.001 236790.934855 0.129154208715 0.400641341016 
10815.3406878 0.001 236797.597577 0.114619955831 0.402815214591 
-----------MEAN OF SAMPLES-------------
10637.1060175 0.001 236593.330729 0.125463037511 0.377163395963 
