Mean Noise Amplitude <length scales>
-----------ALL SAMPLES-------------
10306.6168281 0.001 232553.11544 0.124779966046 0.39198423133 
10369.3177702 0.001 232433.263495 0.127876244526 0.387693510811 
11053.3203832 0.001 232932.549877 0.120231089142 0.48614882727 
10763.3575218 0.001 233467.0422 0.124092563506 0.450990049647 
10777.1647606 0.001 233466.902233 0.124950575492 0.464222968658 
10529.0639321 0.001 233495.716558 0.11074923405 0.418598712597 
10290.512854 0.001 234034.74419 0.114612452304 0.438353946483 
10513.1376616 0.001 233948.216122 0.0963518680536 0.428230434374 
10564.9568821 0.001 233891.347182 0.0975856786551 0.416556957767 
10612.5682312 0.001 233903.526612 0.143555855213 0.439141202482 
-----------MEAN OF SAMPLES-------------
10578.0016825 0.001 233412.642391 0.118478552699 0.432192084142 
