Mean Noise Amplitude <length scales>
-----------ALL SAMPLES-------------
-0.199354058124 0.001 0.488758039171 0.233822212275 0.278949862398 1.78861739486 0.259894585099 1.79202956288 0.304404434651 
-0.321009268122 0.001 0.480932291645 0.204912015347 0.44450969726 1.91486055202 0.316701038174 1.79760724919 0.300969697478 
-0.252904258282 0.001 0.390287064054 0.250695630062 0.430822158075 1.93230181717 0.272274545145 1.8878333937 0.25145450411 
-0.301088573016 0.001 0.50402701883 0.28784144076 0.445809379593 1.98142190658 0.331457790427 1.95499119253 0.252487352489 
-0.190162230722 0.001 0.702878361765 0.302477876891 0.385650065275 1.98822663932 0.377277665271 1.92547542134 0.351218011165 
-0.162109232421 0.001 0.929054484344 0.383154204806 0.344477557166 1.95254579625 0.523477141726 1.71793112995 0.343687659475 
-0.0349983103539 0.001 1.06114784356 0.482198969966 0.422147826406 1.86149280983 0.296231284375 1.86834866386 0.307354885633 
-0.0134997406541 0.001 0.735557193074 0.373529309473 0.28635077605 1.75996333001 0.430234447182 1.88668221862 0.380307961426 
-0.255200080358 0.001 0.673954219908 0.241106357829 0.545555127502 1.98774025104 0.439173119401 1.69074053259 0.270434505376 
-0.151272545197 0.001 0.699121602246 0.274795124996 0.544066392624 1.93713071047 0.458138708778 1.44067666938 0.226819093949 
-----------MEAN OF SAMPLES-------------
-0.188159829725 0.001 0.666571811859 0.30345331424 0.412833884235 1.91043012075 0.370486032558 1.7962316034 0.298913810575 
