Mean Noise Amplitude <length scales>
-----------ALL SAMPLES-------------
14816.4992335 0.001 363613.431192 0.0846786584273 0.389647641718 
15032.6550287 0.001 364002.972295 0.0736464740482 0.354381995811 
15291.2061526 0.001 364171.480799 0.098382755321 0.366478001842 
15338.351737 0.001 364140.585788 0.0935124607965 0.392653658271 
15389.0710675 0.001 363780.028115 0.0892329987258 0.391733949068 
14752.0650246 0.001 363971.686547 0.0771612586182 0.404808846555 
14808.5043318 0.001 363988.651534 0.0852271795275 0.41264183893 
15321.7124184 0.001 363856.536886 0.0487113582904 0.410648886897 
15306.0549996 0.001 363738.501262 0.0511357212607 0.402391003294 
14711.9693412 0.001 364402.804879 0.075677535324 0.37250897777 
-----------MEAN OF SAMPLES-------------
15076.8089335 0.001 363966.66793 0.077736640034 0.389789480016 
