Mean Noise Amplitude <length scales>
-----------ALL SAMPLES-------------
44827.6862205 0.001 396181.866963 0.0962051214666 1.26390015124 
44325.6351759 0.001 396840.529158 0.092046329558 1.27131682833 
44792.5294875 0.001 396800.621803 0.0657286848029 1.25851622882 
44776.6159655 0.001 397004.081197 0.0768029143891 1.28914066977 
44953.3029763 0.001 397099.694002 0.0852763181474 1.2807063374 
45578.618283 0.001 397216.676223 0.0776317015424 1.31165550357 
45109.8354422 0.001 397536.169045 0.0923310304615 1.28579964181 
44956.1631568 0.001 398341.677138 0.0714673348809 1.30072008203 
45308.2721079 0.001 398764.981954 0.0934850625411 1.29099753599 
45355.4467623 0.001 398834.720216 0.0938864291848 1.30726124377 
-----------MEAN OF SAMPLES-------------
44998.4105578 0.001 397462.10177 0.0844860926975 1.28600142227 
