Mean Noise Amplitude <length scales>
-----------ALL SAMPLES-------------
14623.9908511 0.001 266235.350655 0.576329456661 0.103696935888 
14824.158757 0.001 265643.20239 0.540319519538 0.109178763406 
14848.9732464 0.001 265673.421348 0.519926395469 0.0850576402248 
14881.3098098 0.001 265691.689084 0.569550805775 0.0980997326096 
14910.4762672 0.001 265670.633021 0.589049032314 0.118360588534 
14921.3818594 0.001 265650.845248 0.517434844254 0.121151489454 
14787.9387813 0.001 265821.09892 0.487150307536 0.089371788695 
14825.9459373 0.001 265841.369858 0.580738046326 0.077480192786 
15048.9958697 0.001 266410.730149 0.542021324489 0.0908362989638 
14742.9155009 0.001 267269.608953 0.543102605681 0.0611273826777 
-----------MEAN OF SAMPLES-------------
14841.608688 0.001 265990.794963 0.546562233804 0.095436081324 
