Mean Noise Amplitude <length scales>
-----------ALL SAMPLES-------------
20253.7920181 0.001 320260.245207 0.231445470289 0.0884990951131 
20113.2860139 0.001 320516.665851 0.240714985995 0.0874410628603 
20493.0461786 0.001 320487.758632 0.231758263706 0.0869887689531 
19835.3668307 0.001 320773.273885 0.232201445236 0.0864675611141 
19858.0646945 0.001 320786.623467 0.223903033831 0.0877691802645 
19402.9369563 0.001 321332.17555 0.235041817108 0.0847462008542 
19653.1620473 0.001 321597.096206 0.243345172393 0.0861575394541 
19898.9943181 0.001 321732.31737 0.239570060208 0.0840976397086 
19955.1893941 0.001 321921.041278 0.231711854761 0.08863633488 
20598.868659 0.001 322318.949179 0.225676154951 0.0852270281259 
-----------MEAN OF SAMPLES-------------
20006.2707111 0.001 321172.614663 0.233536825848 0.0866030411328 
