Mean Noise Amplitude <length scales>
-----------ALL SAMPLES-------------
9994.31821314 0.001 249735.992115 0.463284125968 0.107510835098 
9811.90612282 0.001 250202.96955 0.494084441092 0.127347971989 
9969.60668117 0.001 250712.082283 0.473819977961 0.112618357338 
10045.6324715 0.001 250518.289509 0.543378888823 0.118744039208 
10166.8505691 0.001 250652.876051 0.477513327301 0.11612276518 
10178.7005179 0.001 250687.548687 0.528472044982 0.113144552905 
10460.2573914 0.001 250503.955421 0.531935083596 0.123571193088 
9768.07875275 0.001 250396.040337 0.455005163947 0.121328929371 
10051.5158573 0.001 250255.443384 0.51069291832 0.122288689719 
10054.4757142 0.001 250384.558856 0.516386748998 0.121900718098 
-----------MEAN OF SAMPLES-------------
10050.1342291 0.001 250404.975619 0.499457272099 0.118457805199 
