Mean Noise Amplitude <length scales>
-----------ALL SAMPLES-------------
10161.2882651 0.001 236202.923815 0.549588470784 0.114440115816 
10159.5976796 0.001 236245.969101 0.460018589624 0.122927508853 
9761.2965893 0.001 235893.194836 0.503563529253 0.115352307034 
10076.4954254 0.001 236445.04446 0.500524411172 0.122480631782 
10191.0314846 0.001 236471.442662 0.502022702747 0.120322394498 
10056.2974644 0.001 236424.675452 0.505285299207 0.104593701438 
10021.8759614 0.001 236992.239737 0.538700876706 0.104355491919 
10439.8365085 0.001 237690.758376 0.459743439638 0.132069445981 
10652.6444348 0.001 237909.925414 0.523851401623 0.123458435907 
10670.4717853 0.001 237896.181568 0.490258626133 0.12387184491 
-----------MEAN OF SAMPLES-------------
10219.0835598 0.001 236817.235542 0.503355734689 0.118387187814 
