Mean Noise Amplitude <length scales>
-----------ALL SAMPLES-------------
10149.3273293 0.001 233504.797509 0.10260089991 0.475829410948 
10345.459274 0.001 234213.078778 0.103844815019 0.477377522307 
10372.7553939 0.001 234239.450807 0.0966287818201 0.42493093243 
10432.8039409 0.001 233904.312557 0.0756087969211 0.441814500194 
10879.0997727 0.001 233829.350784 0.126380741127 0.413674957418 
10809.335843 0.001 233833.962894 0.0734923254447 0.457737996847 
10317.8968591 0.001 233877.012989 0.087424741913 0.398852256944 
10433.8838308 0.001 233270.939231 0.0852073711603 0.399040014164 
10834.1199692 0.001 233957.069859 0.10224992833 0.425033894082 
10471.001937 0.001 233605.581427 0.0953136111616 0.46525360746 
-----------MEAN OF SAMPLES-------------
10504.568415 0.001 233823.555684 0.0948752012807 0.437954509279 
