Mean Noise Amplitude <length scales>
-----------ALL SAMPLES-------------
-0.228843326749 0.001 0.327264064301 0.707695355916 0.534392019952 0.782384354367 0.406030307411 0.293144631312 0.393623792253 
-0.244443453745 0.001 0.333362508629 0.746874406116 0.50325824272 0.747829027905 0.475958671382 0.283297201347 0.453084861043 
-0.259497359217 0.001 0.356991756068 0.51148158267 0.659256318498 0.542076003949 0.512709467944 0.307934943272 0.403354503688 
-0.224267210291 0.001 0.409952782607 0.662217815742 0.480602807231 0.532306697241 0.559287079163 0.295664423586 0.443478902009 
-0.208179072583 0.001 0.313901686943 0.585803048482 0.506084549797 0.578311587199 0.440699044991 0.262972792526 0.404472148496 
-0.202050722155 0.001 0.287243317986 0.588594011468 0.519188251478 0.509039187531 0.358632376772 0.266498194434 0.370569569897 
-0.282770602296 0.001 0.332189612573 0.648304191557 0.579333008421 0.625441155033 0.38412670901 0.326522144489 0.450893118287 
-0.262905769575 0.001 0.319829288022 0.627247346841 0.546447179709 0.498104544936 0.422920204547 0.252621099972 0.430241902693 
-0.254165012851 0.001 0.312478917944 0.635426694 0.465779648952 0.527583950967 0.50779900015 0.265286265775 0.471619720045 
-0.0606882559302 0.001 0.33552314571 0.547054503107 0.591930892398 0.706787638631 0.430708458809 0.289960873802 0.453663443442 
-----------MEAN OF SAMPLES-------------
-0.222781078539 0.001 0.332873708078 0.62606989559 0.538627291915 0.604986414776 0.449887132018 0.284390257052 0.427500196185 
