Mean Noise Amplitude <length scales>
-----------ALL SAMPLES-------------
15176.9580946 0.001 319771.602978 0.514804273095 0.11526311572 
15011.8044107 0.001 319805.127848 0.623275828538 0.114828036566 
15058.914337 0.001 319780.214745 0.597807357312 0.0817918231648 
15059.5504984 0.001 319782.262929 0.528534481971 0.122434011898 
15168.7926579 0.001 319256.272408 0.626265002878 0.0808583277855 
14817.890842 0.001 319964.509345 0.627063231783 0.0908442839839 
15157.3042236 0.001 319864.15195 0.608871948376 0.0942457809806 
15195.8530841 0.001 319861.992369 0.560435630556 0.114244438007 
15366.9880109 0.001 320104.178769 0.604525663859 0.120033030789 
15067.177115 0.001 320521.417962 0.5362117085 0.100380791766 
-----------MEAN OF SAMPLES-------------
15108.1233274 0.001 319871.17313 0.582779512687 0.103492364066 
