Mean Noise Amplitude <length scales>
-----------ALL SAMPLES-------------
-0.276090999776 0.001 0.375177287772 0.641980767842 0.561445935285 0.661242423676 0.325082175801 0.197541748056 0.305588715164 
-0.276649100718 0.001 0.376547100751 0.511495967228 0.652426016687 0.695259150594 0.356540959561 0.308969640141 0.390791332209 
-0.43350954739 0.001 0.409919846927 0.621392965755 0.527888240843 0.75431739378 0.356146317513 0.221009130149 0.419794961001 
-0.0704102965104 0.001 0.287418606495 0.459564224533 0.608888685287 0.568337625183 0.297673803788 0.24541199344 0.319578587065 
-0.0703613738937 0.001 0.282798698714 0.498475768599 0.604791393243 0.558916792776 0.319275485223 0.227381706214 0.254605952323 
-0.240900506654 0.001 0.235522345943 0.494095309529 0.600569587682 0.548184978845 0.230017044016 0.186968206532 0.283698174311 
-0.391240936166 0.001 0.289546593188 0.485470706493 0.637356287289 0.647197994345 0.333235347536 0.262124986933 0.37410782174 
-0.392950622826 0.001 0.288712238431 0.476758130402 0.612140084923 0.641947492359 0.388798500928 0.251533279832 0.266402865459 
-0.237942957926 0.001 0.350951428004 0.52130977429 0.545174709695 0.530083555644 0.211400017042 0.262585832367 0.387733579238 
-0.0883055104701 0.001 0.376914560375 0.581325291201 0.522061822986 0.616033493971 0.392647785309 0.239516663058 0.305434162717 
-----------MEAN OF SAMPLES-------------
-0.247836185233 0.001 0.32735087066 0.529186890587 0.587274276392 0.622152090117 0.321081743672 0.240304318672 0.330773615123 
