Mean Noise Amplitude <length scales>
-----------ALL SAMPLES-------------
44910.9956775 0.001 649646.299093 0.236003206713 0.0941587552381 
44715.977935 0.001 649501.420961 0.236362113057 0.10277721762 
44877.1949005 0.001 649796.414502 0.240759602823 0.104152815183 
45059.0663133 0.001 650208.79236 0.236913080195 0.0850782232818 
44861.6786134 0.001 649974.008303 0.234157023033 0.102837065793 
44866.9097333 0.001 649942.096044 0.239606910433 0.106529835825 
44747.2378606 0.001 650012.065426 0.232312009444 0.097215825225 
44740.7340252 0.001 650021.054495 0.229811401609 0.0924132693396 
44688.3416428 0.001 650482.911907 0.240270269485 0.104486750731 
44822.135116 0.001 651232.600516 0.244361788775 0.101105460306 
-----------MEAN OF SAMPLES-------------
44829.0271818 0.001 650081.766361 0.237055740557 0.0990755218544 
