Mean Noise Amplitude <length scales>
-----------ALL SAMPLES-------------
-0.396472164434 0.001 0.385353312119 0.217784343053 0.349484165036 1.96363415675 0.255781004098 1.93534758453 0.28242793513 
-0.281951866976 0.001 0.421545681348 0.19429355464 0.333588088128 1.84795334144 0.293061166766 1.92624843248 0.234924418302 
-0.287927721379 0.001 0.524312691925 0.289677614046 0.371467608915 1.89595574976 0.298616054191 1.99160580717 0.327912713905 
-0.330707898629 0.001 0.510756223322 0.25172530862 0.259128671322 1.96103282842 0.296258355669 1.99456293309 0.311348103983 
-0.178637200331 0.001 0.264211369737 0.242900610163 0.248877436946 1.95123128767 0.291920164886 1.78658967829 0.174666806586 
-0.143154204387 0.001 0.380754060241 0.210224190396 0.398667979512 1.82604144236 0.315164667455 1.93452916263 0.20122678979 
-0.123977296892 0.001 0.331416288971 0.191767025372 0.277094617197 1.89699736298 0.275286025276 1.772269082 0.197447270301 
-0.251924258535 0.001 0.188009527672 0.216365033104 0.296195518699 1.80724600292 0.22014517563 1.84344401322 0.2508226278 
-0.374526398324 0.001 0.529513563652 0.237788571305 0.390790655684 1.90034049402 0.23437390762 1.93629374783 0.300263854742 
-0.349149147919 0.001 0.308188249661 0.268888839027 0.333822574129 1.9087395328 0.270484764358 1.91944697926 0.254738290496 
-----------MEAN OF SAMPLES-------------
-0.27184281578 0.001 0.384406096865 0.232141508973 0.325911731557 1.89591721991 0.275109128595 1.90403374205 0.253577881104 
