Mean Noise Amplitude <length scales>
-----------ALL SAMPLES-------------
-0.456768604791 0.001 0.5906794467 0.635908427 0.501333420396 0.664722691916 0.306265667676 0.222296416722 0.384893981511 
-0.525952965915 0.001 0.604829547135 0.688133243845 0.507805543822 0.703794156515 0.333042948372 0.328034957387 0.321651702824 
-0.552690403651 0.001 0.293462450329 0.476232507976 0.522284453249 0.533153842056 0.388099362954 0.323120476355 0.397107217884 
-0.44191189828 0.001 0.336483263021 0.410608260124 0.3664792271 0.606639648272 0.372999467712 0.273171781872 0.397064232154 
-0.413932641304 0.001 0.383205594049 0.534060347848 0.594318454426 0.451161189461 0.301839041068 0.267202894002 0.47415816687 
-0.400659515366 0.001 0.351940635742 0.482155078927 0.577847670042 0.775096548816 0.303048859859 0.23754226866 0.214868570043 
-0.403715372711 0.001 0.34712487607 0.438815100577 0.563542526905 0.742013201508 0.363396715999 0.229424300772 0.500612894397 
-0.358607636495 0.001 0.777590657797 0.775701627788 0.618504243449 0.520145068415 0.311249596128 0.314198272532 0.685120610663 
-0.0155246696349 0.001 1.03096178719 0.643296541059 0.96569096155 0.79430336058 0.410874915022 0.435622766286 0.568927605654 
-0.0264254957028 0.001 1.01897260953 0.670798372015 0.756938521866 0.625447786469 0.452342074919 0.306101824462 0.481139351205 
-----------MEAN OF SAMPLES-------------
-0.359618920385 0.001 0.573525086757 0.575570950716 0.597474502281 0.641647749401 0.354315864971 0.293671595905 0.442554433321 
