Mean Noise Amplitude <length scales>
-----------ALL SAMPLES-------------
-0.270722330433 0.001 0.449130172093 1.19321497685 0.533385965807 0.454448636712 0.454738968663 0.24108164199 0.354253850927 
-0.287589959427 0.001 0.457268510609 0.731672724919 0.563675819162 0.517187156029 0.5622733413 0.362519173602 0.490036319384 
-0.0247101446255 0.001 0.545379771724 0.790182334683 0.484887443397 0.42498584691 0.537864443576 0.381814334768 0.562382061044 
-0.0880638822601 0.001 0.515839056238 0.696096976349 0.533170056855 0.545044686899 0.404193496043 0.327768637368 0.490800266129 
-0.018342975176 0.001 0.503813600158 0.836527131721 0.547223789438 0.59219622916 0.569176412336 0.301612904498 0.438004425328 
-0.226730912032 0.001 0.458840969334 0.51151853979 0.406945584765 0.601201527712 0.359797501859 0.332979744345 0.441267478315 
-0.235538382471 0.001 0.448043359941 1.02095693919 0.74862890047 0.64357857484 0.363951221238 0.329948990371 0.352975073771 
-0.0728684744453 0.001 0.531011793714 0.887531748171 0.65425928063 0.727018834649 0.46273968834 0.314889921402 0.48150312517 
-0.10871961939 0.001 0.53051171632 0.588177763708 0.540895310954 0.610520374206 0.609440855371 0.346944626574 0.431820058862 
-0.120391755992 0.001 0.559121672226 0.831587318439 0.456986835549 0.560450189182 0.622873526886 0.391191338151 0.505353886427 
-----------MEAN OF SAMPLES-------------
-0.145367843625 0.001 0.499896062236 0.808746645382 0.547005898703 0.56766320563 0.494704945561 0.333075131307 0.454839654536 
