Mean Noise Amplitude <length scales>
-----------ALL SAMPLES-------------
9897.49302556 0.001 244145.914339 0.372092971225 0.134345757555 
9959.95894361 0.001 244252.741411 0.386336521014 0.127834125909 
10069.6339101 0.001 244237.575344 0.430905476402 0.128744565301 
10080.9168619 0.001 244299.248666 0.357378525217 0.11513535388 
9650.35839051 0.001 244075.814665 0.416886777304 0.129588406183 
10031.1930664 0.001 244056.227226 0.440747374801 0.112650955245 
10224.3775927 0.001 244252.242359 0.474579749338 0.111581028837 
10369.4294028 0.001 244764.57666 0.444752616021 0.129697256705 
10179.2806579 0.001 245074.149013 0.408845589527 0.124453196096 
9676.73882428 0.001 245332.832578 0.4161543394 0.122475528177 
-----------MEAN OF SAMPLES-------------
10013.9380676 0.001 244449.132226 0.414867994025 0.123650617389 
