Mean Noise Amplitude <length scales>
-----------ALL SAMPLES-------------
-0.307119740287 0.001 0.613056412381 0.744282133481 0.629246006673 0.87473881241 0.572178559418 0.384630336608 0.436070505502 
-0.297275253535 0.001 0.603965433084 0.681700698236 0.393912280937 0.715901658333 0.308912056742 0.525646467538 0.436410495487 
-0.253401122847 0.001 0.463190975618 0.665297108867 0.794869500969 0.755310853718 0.416826617896 0.20351480182 0.389869640764 
-0.250394283554 0.001 0.516439057322 0.558080989315 0.591827496716 0.975859123253 0.416309661816 0.396235716448 0.395984640426 
-0.194172532893 0.001 0.537746721853 0.763117898478 0.551380811798 0.786946019163 0.302619869121 0.447786374313 0.356311295119 
-0.196488083355 0.001 0.535530573904 0.523551018647 0.586282259446 0.996575391545 0.316544084426 0.254721870904 0.345301197174 
-0.438028159611 0.001 0.434475488262 0.622650888899 0.449210913353 0.804195227424 0.428960179527 0.25508798508 0.461512936004 
-0.431811221885 0.001 0.386496461035 0.707288586975 0.589179161002 0.568204940883 0.54348041753 0.322315085928 0.332206165533 
-0.41667250663 0.001 0.555230473885 0.636780710994 0.617868079222 0.849212955673 0.34631599618 0.352414217358 0.497733963189 
-0.309494468216 0.001 0.676818284066 0.75681714989 0.661863303209 0.901688911091 0.414223528145 0.389169442822 0.420382891462 
-----------MEAN OF SAMPLES-------------
-0.309485737281 0.001 0.532294988141 0.665956718378 0.586563981333 0.822863389349 0.40663709708 0.353152229882 0.407178373066 
