Mean Noise Amplitude <length scales>
-----------ALL SAMPLES-------------
14676.2757108 0.001 395888.577336 0.0868266862494 0.43975078159 
14663.2479555 0.001 396101.079619 0.0690991790498 0.392491981 
15278.3560776 0.001 395866.20932 0.0420393338681 0.416317144607 
15296.1796385 0.001 395730.558487 0.116148999934 0.401296538222 
15219.8038271 0.001 394963.128317 0.053734680161 0.387520207377 
14838.9328194 0.001 394935.756423 0.105073134575 0.404175306469 
15315.3897778 0.001 395429.818951 0.126739057067 0.355831129551 
15384.0353208 0.001 395418.421209 0.0566115433196 0.394012615375 
14650.7291758 0.001 395813.386455 0.0465088949422 0.372660220625 
14851.4444167 0.001 395976.550556 0.0957244127592 0.391822114558 
-----------MEAN OF SAMPLES-------------
15017.439472 0.001 395612.348667 0.0798505921925 0.395587803937 
