Mean Noise Amplitude <length scales>
-----------ALL SAMPLES-------------
10193.4573125 0.001 238880.075664 0.480180447334 0.112365167387 
10234.3707954 0.001 238963.864789 0.489281920832 0.116190427238 
9620.47698162 0.001 239540.681547 0.466611096334 0.110308322156 
10365.6881805 0.001 239931.510582 0.55352584122 0.117433300109 
10886.5572357 0.001 239840.0799 0.53620839279 0.125525361807 
10365.7904598 0.001 239658.770828 0.473978110155 0.128923850349 
10351.4976385 0.001 239774.183069 0.414377041453 0.121551906804 
10357.2085647 0.001 239781.758729 0.489962644027 0.119113148226 
10335.1395337 0.001 239758.243617 0.485688737235 0.117064888478 
10167.8337246 0.001 240541.922071 0.50004076062 0.118120831361 
-----------MEAN OF SAMPLES-------------
10287.8020427 0.001 239667.10908 0.4889854992 0.118659720392 
