Mean Noise Amplitude <length scales>
-----------ALL SAMPLES-------------
-0.216713244681 0.001 0.317120514216 0.171787114389 0.33028513739 1.51024734557 0.309328658355 1.64943440315 0.254408744129 
-0.288685723615 0.001 0.350241131068 0.193705355098 0.325766489144 1.99649236545 0.342344668452 1.22269262348 0.358557796099 
-0.258844663839 0.001 0.359157396312 0.217276010146 0.256595548234 1.62133752751 0.352275768342 1.38200627699 0.286169092228 
-0.199585784651 0.001 0.343838210706 0.173169922332 0.282631471845 0.939659491066 0.301142339544 1.55181800709 0.321326126759 
-0.395817404804 0.001 0.321008143402 0.196629303393 0.360153839788 1.28060226555 0.217246952426 1.80576797045 0.290944809723 
-0.369076848612 0.001 0.323302668963 0.242145449626 0.288979271656 1.28006916073 0.253608268533 1.27239277244 0.275817811688 
-0.387102642458 0.001 0.352967292918 0.303211119389 0.367213550019 1.37855574538 0.290865062683 1.21450789661 0.220408053341 
-0.340723246902 0.001 0.379208479082 0.29836145605 0.374393355477 0.757967058831 0.313854856421 1.15259023967 0.389072966963 
-0.283905264517 0.001 0.385312587932 0.212998673824 0.273634207916 1.74492492829 0.306889394937 1.85480125012 0.220743477185 
-0.312394058111 0.001 0.291355388762 0.237545138087 0.371942327027 1.17032034566 0.287160936657 1.84482866299 0.321118047053 
-----------MEAN OF SAMPLES-------------
-0.305284888219 0.001 0.342351181336 0.224682954233 0.323159519849 1.3680176234 0.297471690635 1.4950840103 0.293856692517 
