Mean Noise Amplitude <length scales>
-----------ALL SAMPLES-------------
44319.9069237 0.001 376923.887556 0.0545793253987 1.24098682817 
44946.1570004 0.001 377440.359305 0.059216821719 1.24332395666 
44634.6866846 0.001 377828.398756 0.0739001574482 1.27319776124 
44721.1212171 0.001 377853.232403 0.0572234441275 1.31313658939 
44722.8466318 0.001 377818.441018 0.0774908530602 1.26346620429 
44793.6187067 0.001 377861.372693 0.0527167498036 1.29049848473 
44799.6106002 0.001 377860.760095 0.0801602351376 1.2396057939 
44349.6246863 0.001 378458.250476 0.067000371026 1.2632779705 
44648.408674 0.001 378823.086274 0.0807704607179 1.28939282706 
44669.3765383 0.001 378866.827435 0.0692814285385 1.25913788836 
-----------MEAN OF SAMPLES-------------
44660.5357663 0.001 377973.461601 0.0672339846977 1.26760243043 
