Mean Noise Amplitude <length scales>
-----------ALL SAMPLES-------------
-0.0168112213725 0.001 0.47268146652 0.524860988601 0.605396509877 0.522298579671 0.461446151827 0.261432659223 0.362147983141 
-0.053693203614 0.001 0.450952297456 0.5920487073 0.582894382178 0.90955847674 0.38279996502 0.287184157029 0.333401439154 
-0.250562642559 0.001 0.542780825462 0.618245557117 0.597590070405 0.939407983117 0.366447557941 0.295545313879 0.539448554109 
-0.253557042298 0.001 0.541314051717 0.589762472749 0.504345705745 0.735010113492 0.301396153349 0.252625346097 0.476567134247 
-0.089576806877 0.001 0.455813323067 0.480685416345 0.505760877385 0.744139440338 0.358228912256 0.215688089832 0.542240252194 
-0.254119187114 0.001 0.708411890882 0.673967067356 0.667142810555 0.800254509299 0.31202274495 0.304811305607 0.218100869654 
-0.35235018831 0.001 0.787286708145 0.608612722976 0.680851769043 0.930674224072 0.506649663086 0.23453416516 0.292051239767 
-0.384247627125 0.001 0.803531804622 0.675227492407 0.620077456086 0.608086101366 0.439700744345 0.199886680523 0.373414514957 
-0.0938228373031 0.001 0.4868410409 0.59580984835 0.694252369988 0.934298157659 0.438314083793 0.286146467356 0.344467256254 
-0.121104863793 0.001 0.477822461867 0.47422051572 0.514077119828 0.877137366931 0.32490311705 0.29361326218 0.364618225294 
-----------MEAN OF SAMPLES-------------
-0.186984562037 0.001 0.572743587064 0.583344078892 0.597238907109 0.800086495268 0.389190909362 0.263146744689 0.384645746877 
