Mean Noise Amplitude <length scales>
-----------ALL SAMPLES-------------
-0.199643401054 0.001 0.411766620409 0.383328015774 0.549094875637 0.638018424403 0.348146243938 0.235978570948 0.469298699538 
-0.169541621643 0.001 0.416948239659 0.83313898187 0.59189632363 0.545995256224 0.354940936269 0.274216177727 0.358316147532 
-0.171865018013 0.001 0.416516153628 0.486215510017 0.603481811422 0.592562914074 0.367880205294 0.27396650648 0.344967536726 
-0.170837742037 0.001 0.410145108174 0.663484464455 0.5467588599 0.601194052659 0.358560794295 0.260198501069 0.397239798343 
-0.164956590552 0.001 0.426326263398 0.559546101124 0.702272477467 0.600221318632 0.348732389026 0.275753676807 0.350076206526 
-0.4100431819 0.001 0.418528974751 0.549651442353 0.491450185383 0.769181191843 0.326285708778 0.307401264576 0.371885665476 
-0.214254036819 0.001 0.426035612916 0.55614534852 0.587925015744 0.595080379968 0.323659779215 0.159224907487 0.355233445817 
-0.0381400155506 0.001 0.307082616473 0.551373225777 0.511182215707 0.547840621712 0.211159702281 0.175962798937 0.386059398866 
-0.0177863754345 0.001 0.301209335306 0.54447315707 0.709043854391 0.553575245419 0.304831811492 0.326541390437 0.299675635209 
-0.201931651501 0.001 0.385784482295 0.460000971304 0.525065133195 0.521810861388 0.309265066231 0.260547769218 0.311376594852 
-----------MEAN OF SAMPLES-------------
-0.17589996345 0.001 0.392034340701 0.558735721826 0.581817075248 0.596548026632 0.325346263682 0.254979156369 0.364412912889 
