Mean Noise Amplitude <length scales>
-----------ALL SAMPLES-------------
14572.0791173 0.001 279832.987615 0.572055797485 0.09461811432 
15043.3325364 0.001 279450.700081 0.544442988949 0.0561247669927 
14984.706507 0.001 279096.109983 0.545902326596 0.0619093192999 
14951.1682155 0.001 279260.962127 0.606954791946 0.0744276740864 
15143.6153805 0.001 279213.356451 0.604547240344 0.0926002280051 
15295.3764941 0.001 279347.177193 0.605795646608 0.0952628731526 
15249.7411865 0.001 279366.960293 0.501995749087 0.0811603063292 
15065.8185811 0.001 280100.518999 0.526021738828 0.0885829499146 
14758.0294232 0.001 280082.902145 0.499120984497 0.0664980327964 
15139.967448 0.001 279915.381546 0.5887506299 0.0593842678574 
-----------MEAN OF SAMPLES-------------
15020.383489 0.001 279566.705643 0.559558789424 0.0770568532754 
