Mean Noise Amplitude <length scales>
-----------ALL SAMPLES-------------
10900.856451 0.001 224236.02479 0.0688279690919 0.388089955484 
11249.0569102 0.001 224274.759956 0.0943601538179 0.382924834052 
11196.7715905 0.001 224541.499129 0.0896629163545 0.379686785126 
11114.0142865 0.001 224813.019825 0.0661916768354 0.370362685141 
11064.487036 0.001 224783.13235 0.095084551154 0.365611429086 
11011.511014 0.001 224762.210117 0.0876082942492 0.377889536517 
10611.7513675 0.001 225113.040494 0.0967984402477 0.353998291255 
10985.3324365 0.001 225220.586919 0.092674467412 0.385413296379 
10950.3279263 0.001 225094.068234 0.0852142132755 0.373323404008 
10691.2923087 0.001 225231.142074 0.0834195894448 0.346940950856 
-----------MEAN OF SAMPLES-------------
10977.5401327 0.001 224806.948389 0.0859842271883 0.372424116791 
