Mean Noise Amplitude <length scales>
-----------ALL SAMPLES-------------
42847.486777 0.001 640318.859322 0.269441459125 0.0749495657048 
42853.779024 0.001 640334.317697 0.271184058791 0.055560535943 
43029.2076631 0.001 640841.249933 0.267490642841 0.0628063354893 
43608.5015105 0.001 641292.418433 0.270064648653 0.0637170128849 
43981.0179424 0.001 641479.178911 0.272360953241 0.0411043065857 
43793.3692598 0.001 641625.942003 0.266638429097 0.0659145749529 
43414.621341 0.001 641370.958249 0.266421146061 0.0610981673084 
43008.2493314 0.001 641294.947912 0.275611153874 0.0629008722921 
43299.0281294 0.001 641696.117642 0.272014388018 0.0798193970212 
43260.0586358 0.001 642078.594651 0.266750213387 0.0790137798924 
-----------MEAN OF SAMPLES-------------
43309.5319614 0.001 641233.258475 0.269797709309 0.0646884548075 
