Mean Noise Amplitude <length scales>
-----------ALL SAMPLES-------------
10232.2538159 0.001 247428.652704 0.437691018872 0.114247984045 
10010.3683093 0.001 247509.061593 0.444314501175 0.118085351299 
10198.312428 0.001 247539.967238 0.501058224037 0.106084905313 
10081.2265583 0.001 247585.474452 0.513342606313 0.121495306959 
10562.2371711 0.001 247720.275432 0.553927772094 0.112045892008 
10831.9264035 0.001 248261.949842 0.459801868788 0.11242817262 
10460.5995758 0.001 248155.124398 0.458419784605 0.125675246984 
10711.7148861 0.001 248496.507075 0.488496448923 0.131637730207 
10606.9763518 0.001 248546.94764 0.511160675384 0.107437040741 
10278.9044424 0.001 248118.139966 0.479760124343 0.105406520474 
-----------MEAN OF SAMPLES-------------
10397.4519942 0.001 247936.210034 0.484797302454 0.115454415065 
