Mean Noise Amplitude <length scales>
-----------ALL SAMPLES-------------
14684.5566075 0.001 274342.450551 0.489440141994 0.0863939328058 
15438.19363 0.001 274860.670896 0.598974782671 0.0481806817595 
14832.8420411 0.001 274646.274376 0.551948616163 0.0971941304789 
14870.0238053 0.001 275382.313469 0.541516323329 0.0624050345979 
14665.3723096 0.001 274910.250688 0.537039310352 0.0961124268414 
15381.9346591 0.001 274947.620115 0.581712948011 0.0710115888226 
14829.4991097 0.001 275652.88081 0.569277391914 0.0885439033155 
14839.6311113 0.001 275660.551283 0.539607472744 0.0709566601941 
14885.3803451 0.001 275713.639995 0.548248457978 0.0838642906214 
14730.0516531 0.001 276389.252815 0.56668364843 0.0802143079576 
-----------MEAN OF SAMPLES-------------
14915.7485272 0.001 275250.5905 0.552444909358 0.0784876957395 
