Mean Noise Amplitude <length scales>
-----------ALL SAMPLES-------------
10045.4525301 0.001 242654.8579 0.527547668016 0.123490627854 
10029.637829 0.001 242413.745228 0.478265406688 0.115520946306 
10444.3897885 0.001 242733.043688 0.527735533408 0.118145929125 
10515.3675199 0.001 243179.091415 0.521239583548 0.133440120926 
10613.9227565 0.001 243097.955446 0.542064726808 0.133137429304 
10648.6811997 0.001 243060.668368 0.496541036556 0.107774688789 
10238.5042358 0.001 243010.614608 0.483353780762 0.10587877271 
10342.9125442 0.001 243563.7889 0.588869286503 0.106691532311 
10275.8812593 0.001 243517.392066 0.569184077483 0.107955816639 
9917.56512613 0.001 243775.97925 0.518469275464 0.102907753264 
-----------MEAN OF SAMPLES-------------
10307.2314789 0.001 243100.713687 0.525327037524 0.115494361723 
