Mean Noise Amplitude <length scales>
-----------ALL SAMPLES-------------
10525.352946 0.001 242979.874683 0.492995192991 0.128995291393 
10092.9103298 0.001 242966.485077 0.447880194657 0.134526685181 
10093.6310919 0.001 242965.879398 0.468644422198 0.129940128296 
9998.72675439 0.001 242853.377673 0.461674653111 0.126513251324 
10004.7515592 0.001 242852.069245 0.513010904548 0.12731848994 
10617.9516518 0.001 243196.805133 0.405460976408 0.127352140149 
10774.5224206 0.001 243198.353513 0.476685354859 0.125952652058 
11003.8854474 0.001 243432.061436 0.488480802666 0.130341042059 
10870.928736 0.001 243494.11658 0.509593779532 0.133535269618 
10776.674145 0.001 243460.326022 0.49152389826 0.132376410309 
-----------MEAN OF SAMPLES-------------
10475.9335082 0.001 243139.934876 0.475595017923 0.129685136033 
