Mean Noise Amplitude <length scales>
-----------ALL SAMPLES-------------
-0.0982031148357 0.001 0.324522523399 0.57146138432 0.542838111815 0.694921823762 0.313704265741 0.252823684406 0.362234371183 
-0.0906883970859 0.001 0.290689749145 0.442917824408 0.647738492638 0.716970047343 0.41720926734 0.247316878288 0.390723327233 
-0.110369093195 0.001 0.342259307271 0.507395719679 0.678464335655 0.653249996077 0.346321566638 0.270816142018 0.398656026731 
-0.17996311613 0.001 0.435404036078 0.641789084466 0.530580441596 0.641946366541 0.300034641091 0.27582130627 0.477263560933 
-0.183971951161 0.001 0.427663898824 0.463715923754 0.573238350471 0.593807109449 0.504998922334 0.268320431887 0.34596665652 
-0.150919521262 0.001 0.410204964142 0.717676972816 0.542722117266 0.597618135424 0.392798635242 0.237129244491 0.51196000229 
-0.345530021932 0.001 0.374405892296 0.375159557656 0.627520813549 0.559627308844 0.368282166215 0.232503370166 0.420482309348 
-0.175046037984 0.001 0.425923440364 0.752708894781 0.580658043741 0.554551233481 0.328405288956 0.217203725048 0.436573117333 
-0.146503387008 0.001 0.410747225141 0.575272281795 0.543079713731 0.545988494113 0.382339470877 0.333601932129 0.300303175628 
-0.115676339312 0.001 0.422242553051 0.624975798854 0.879257218133 0.775477139338 0.417347081421 0.306347181549 0.647096807192 
-----------MEAN OF SAMPLES-------------
-0.159687097991 0.001 0.386406358971 0.567307344253 0.61460976386 0.633415765437 0.377144130586 0.264188389625 0.429125935439 
