Mean Noise Amplitude <length scales>
-----------ALL SAMPLES-------------
-0.313183223848 0.001 0.475594350237 0.206149371306 0.303044345254 1.78225585135 0.291312474849 1.93943066757 0.390986188882 
-0.352086793294 0.001 0.40327671851 0.210940465072 0.350073673755 1.90298927799 0.272607958778 1.94210100254 0.32953124409 
-0.429917014921 0.001 0.324052229547 0.257033255417 0.369279494545 1.92764363057 0.286628235876 1.85614376564 0.287396068498 
-0.431519499925 0.001 0.383515130607 0.210937022848 0.35782744059 1.96422246808 0.331689970001 1.83256110759 0.249319137958 
-0.441077593431 0.001 0.3570960956 0.271526463648 0.273016368244 1.9870699214 0.320746309982 1.89454171835 0.303726882249 
-0.380334511724 0.001 0.30366379471 0.219037425891 0.320061192571 1.99446753365 0.312201542797 1.73278673847 0.297487916091 
-0.361132199799 0.001 0.418374777443 0.183783101037 0.431787010001 1.85498440703 0.280462948633 1.97161962789 0.406008686741 
-0.39699061601 0.001 0.47249908578 0.19395675801 0.348743514817 1.95188914662 0.373641186506 1.56441289823 0.360405427986 
-0.279971247562 0.001 0.533298767054 0.300397213864 0.378076626182 1.98069834449 0.449760717954 1.90663456465 0.354851433953 
-0.280986003202 0.001 0.519175376885 0.29474194885 0.441433771789 1.76341244571 0.290283691008 1.93309453134 0.324941723679 
-----------MEAN OF SAMPLES-------------
-0.366719870372 0.001 0.419054632637 0.234850302594 0.357334343775 1.91096330269 0.320933503638 1.85733266223 0.330465471013 
