Mean Noise Amplitude <length scales>
-----------ALL SAMPLES-------------
-0.0836633410093 0.001 0.497639922412 0.582945794869 0.423033302521 0.49307290942 0.32875940119 0.354453682199 0.408232910462 
-0.0836999717571 0.001 0.492656131196 0.55903182127 0.422206792854 0.70057017535 0.413269996351 0.34251258258 0.431713751493 
-0.205021850504 0.001 0.430725657144 0.588571515149 0.845108086268 0.728907503183 0.416782159444 0.22626766422 0.338749338677 
-0.244275454722 0.001 0.429798869192 0.610872377346 0.519846836874 0.634185487294 0.416973848392 0.363135984032 0.488540850218 
-0.253149359228 0.001 0.519714549442 0.593529621873 0.704022557168 0.725295336123 0.367015032059 0.375924935014 0.457710036691 
-0.258029482599 0.001 0.523708742987 0.70109341575 0.730515057045 0.802260322711 0.420181746118 0.299613624942 0.430696303589 
-0.263248895581 0.001 0.512810249118 0.597292335792 0.631503902579 0.587290902775 0.377934917143 0.368198008681 0.357437451827 
-0.248801297119 0.001 0.471611754294 0.510662838869 0.508772947581 0.665321969953 0.413253728723 0.334086206031 0.413008899149 
-0.0711144642252 0.001 0.431773867969 0.591273125452 0.667789939198 0.670539626365 0.35304557108 0.342803641233 0.433577104557 
-0.0846084684165 0.001 0.421879679633 0.647836491209 0.61043534434 0.549570254665 0.368231154707 0.345743288891 0.478223464452 
-----------MEAN OF SAMPLES-------------
-0.179561258516 0.001 0.473231942339 0.598310933758 0.606323476643 0.655701448784 0.387544755521 0.335273961782 0.423789011112 
