Mean Noise Amplitude <length scales>
-----------ALL SAMPLES-------------
14179.9524909 0.001 287921.886343 0.542654769334 0.144159131223 
14039.1814807 0.001 287919.650493 0.537369506868 0.140839444076 
13971.6868536 0.001 287952.373886 0.532303328564 0.13257494414 
14151.5648422 0.001 287615.304021 0.512034235235 0.140652063898 
14252.7868272 0.001 288354.971747 0.541184370511 0.119964734566 
14445.3173143 0.001 288380.037866 0.497813162002 0.110804072434 
13786.1967063 0.001 288548.393975 0.479930618999 0.143998036269 
13925.5677168 0.001 288741.87519 0.55686595712 0.123832405712 
14361.4128975 0.001 288444.614231 0.55517083602 0.135701494109 
13880.3034906 0.001 288939.804039 0.537927762144 0.140868201907 
-----------MEAN OF SAMPLES-------------
14099.397062 0.001 288281.891179 0.52932545468 0.133339452833 
