Mean Noise Amplitude <length scales>
-----------ALL SAMPLES-------------
-0.15556458232 0.001 0.39164770735 0.871260226147 0.7082854371 0.644045493684 0.499513279001 0.20477479442 0.381797631915 
-0.187340626229 0.001 0.437322006275 0.83743312516 0.676568246722 0.56727244008 0.46053661897 0.243948853788 0.358541940655 
-0.370453171875 0.001 0.44420798474 0.581611585123 0.533632692722 0.51736060263 0.354282436648 0.272548191386 0.440347640983 
-0.336963793323 0.001 0.44600887113 0.812708454675 0.547240472388 0.551234649941 0.326377251484 0.316380527984 0.390083239124 
-0.365438192766 0.001 0.38074190533 0.98966427424 0.559087662923 0.484964213188 0.264635553859 0.295418074219 0.377255241481 
-0.275298958837 0.001 0.409537181719 0.667052117847 0.946875336356 0.59295177806 0.455247835514 0.298405841492 0.337091554383 
-0.316452591934 0.001 0.424465115371 0.709595074022 0.77465674525 0.55898830847 0.461372709558 0.282802721702 0.29204796057 
-0.288221386092 0.001 0.368335657862 0.800532330631 0.47907296119 0.53640284056 0.437623666585 0.286714315073 0.292230264677 
-0.325555586785 0.001 0.410888491656 0.413403565266 0.555514319677 0.516566768465 0.474518096125 0.305829149234 0.50419051162 
-0.0484176892098 0.001 0.319168307152 0.414135580209 0.534215331605 0.525933755656 0.335015314908 0.288308674513 0.461948002686 
-----------MEAN OF SAMPLES-------------
-0.266970657937 0.001 0.403232322858 0.709739633332 0.631514920593 0.549572085073 0.406912276265 0.279513114381 0.383553398809 
