Mean Noise Amplitude <length scales>
-----------ALL SAMPLES-------------
44438.7091518 0.001 379681.848874 0.0705500917232 1.21976076305 
44468.6979591 0.001 379668.92958 0.0622646595375 1.22690719333 
44323.1950991 0.001 379742.336818 0.0703923483629 1.13646971978 
44496.3728283 0.001 380220.982691 0.0622822489105 1.26225833297 
44444.5240738 0.001 380926.220843 0.0654669403089 1.21310895277 
44444.329437 0.001 380876.508686 0.0675319955991 1.22143161069 
44226.0065607 0.001 380916.918061 0.0661600163368 1.21368172244 
44139.3209183 0.001 380974.979127 0.0676988082662 1.19352005568 
44468.1682079 0.001 381283.256275 0.0656960534023 1.1987216985 
44242.5775185 0.001 381562.917636 0.0660453527598 1.16490289404 
-----------MEAN OF SAMPLES-------------
44369.1901755 0.001 380585.489859 0.0664088515207 1.20507629433 
