Mean Noise Amplitude <length scales>
-----------ALL SAMPLES-------------
14689.0405472 0.001 376561.432345 0.543107769577 0.0853323705578 
14810.7601884 0.001 376220.270734 0.548034991355 0.0744176213153 
14808.5551439 0.001 376416.088203 0.558462475372 0.116967696234 
14673.1310258 0.001 376117.731864 0.588338143961 0.0940618640818 
14359.4594098 0.001 376410.217873 0.556510326271 0.0998691766334 
14410.657903 0.001 376280.727082 0.570880112864 0.0621848244601 
14450.6086641 0.001 376254.032582 0.49287743515 0.0890584063604 
14504.8378898 0.001 376363.273553 0.561345457296 0.0426630805828 
14594.4675077 0.001 376425.198039 0.597032889733 0.0474892533559 
14943.5863994 0.001 376353.289856 0.46042219955 0.0373094228288 
-----------MEAN OF SAMPLES-------------
14624.5104679 0.001 376340.226213 0.547701180113 0.0749353716411 
