Mean Noise Amplitude <length scales>
-----------ALL SAMPLES-------------
15781.0136546 0.001 268415.35539 0.0631514635464 0.392103673503 
15211.7467106 0.001 268231.861166 0.073969249195 0.389687037926 
15205.3006234 0.001 268215.535518 0.106163164874 0.394520969548 
14420.2661948 0.001 268490.496704 0.0589849606536 0.364351637169 
14650.2502771 0.001 268411.612134 0.100841843724 0.349507977759 
14790.8605045 0.001 268415.127942 0.0587493820442 0.426587815816 
14747.0334192 0.001 268710.988687 0.0744989437242 0.421698503207 
15246.0887469 0.001 268796.259063 0.111993157811 0.42287754907 
15518.1530107 0.001 268845.76425 0.0753488738807 0.414298900049 
14824.7401182 0.001 269356.206927 0.0741092725996 0.410516485379 
-----------MEAN OF SAMPLES-------------
15039.545326 0.001 268588.920778 0.0797810312053 0.398615054943 
