Mean Noise Amplitude <length scales>
-----------ALL SAMPLES-------------
14763.2681348 0.001 404579.057991 0.534351297919 0.0482795833608 
15010.0473615 0.001 404583.189882 0.578725404053 0.0667208788778 
14939.5596433 0.001 404589.382263 0.563838670707 0.060287627942 
14560.7780296 0.001 404800.321223 0.554701595001 0.100891234096 
14973.0201432 0.001 405258.623049 0.591917970315 0.115813914119 
14960.5140786 0.001 405262.272143 0.590508472938 0.0553988416795 
15181.6567904 0.001 405226.464532 0.553513719556 0.0721209025273 
15089.9251129 0.001 405193.85854 0.546313873108 0.0532950245785 
15113.3545108 0.001 405626.555489 0.536243471756 0.131117265871 
14236.027731 0.001 405524.174421 0.55441380184 0.0342120013534 
-----------MEAN OF SAMPLES-------------
14882.8151536 0.001 405064.389953 0.560452827719 0.0738137274406 
