Mean Noise Amplitude <length scales>
-----------ALL SAMPLES-------------
9829.3002576 0.001 236961.822105 0.44864005949 0.134303597242 
10171.4575596 0.001 236997.165629 0.474185128133 0.127271768222 
10191.724951 0.001 236983.037944 0.504900064806 0.125535603724 
10189.484524 0.001 236990.115044 0.489670842959 0.12721606811 
10239.3928418 0.001 236986.952505 0.49466236399 0.129562745209 
10214.6467626 0.001 236904.839337 0.468579422388 0.130427567425 
10201.916775 0.001 237043.122505 0.535251730966 0.117081091086 
10513.7906223 0.001 237271.141922 0.54554747048 0.12610974418 
10547.8465838 0.001 237234.053198 0.463766158312 0.134274294481 
10394.1908165 0.001 237395.976508 0.477651796585 0.125570899599 
-----------MEAN OF SAMPLES-------------
10249.3751694 0.001 237076.82267 0.490285503811 0.127735337928 
