Mean Noise Amplitude <length scales>
-----------ALL SAMPLES-------------
14845.6926526 0.001 393103.133771 0.549699823257 0.0692892576892 
14547.7124664 0.001 393039.784963 0.545419962731 0.0582351637647 
14511.7445587 0.001 392948.47722 0.556329338949 0.120036556654 
14274.5920886 0.001 393174.913627 0.531544342458 0.103066405471 
14452.2535972 0.001 393848.88905 0.53104237275 0.1162348634 
14542.9020795 0.001 393746.478835 0.645556165734 0.114227266002 
14698.2301852 0.001 393688.412213 0.441572932241 0.094045811341 
14449.1203869 0.001 393558.253085 0.406546768996 0.094254074833 
14697.0814565 0.001 393526.798756 0.629617523632 0.0798260622257 
14841.7271146 0.001 393818.318521 0.494430135063 0.116756190282 
-----------MEAN OF SAMPLES-------------
14586.1056586 0.001 393445.346004 0.533175936581 0.0965971651662 
