Mean Noise Amplitude <length scales>
-----------ALL SAMPLES-------------
44836.4366737 0.001 638291.901421 0.0491813728307 1.29828701404 
44321.3982671 0.001 638554.988321 0.0470392419139 1.22242003567 
44374.1979473 0.001 638638.155076 0.0427344156962 1.23812380882 
44210.0356038 0.001 638805.736551 0.0366726152237 1.2448576895 
44763.6124351 0.001 639037.564566 0.0582510951403 1.25612690238 
45073.2023641 0.001 639392.676679 0.0399627385033 1.28516365534 
45111.0867362 0.001 639403.185427 0.050706858232 1.25079359319 
45523.6925564 0.001 639747.175809 0.0373740964576 1.22896548808 
45858.3019042 0.001 640186.158793 0.0403897740955 1.23531882441 
45893.8066525 0.001 640055.064415 0.0497057823834 1.29562411942 
-----------MEAN OF SAMPLES-------------
44996.577114 0.001 639211.260706 0.0452017990476 1.25556811309 
