Mean Noise Amplitude <length scales>
-----------ALL SAMPLES-------------
-0.184990016512 0.001 0.331808963743 0.462821734619 0.592471630883 0.442627625473 0.302117117441 0.268086431563 0.371846816702 
-0.0499415917093 0.001 0.316501352398 0.426580109934 0.598116443484 0.825908798557 0.340223324138 0.291517796031 0.317908377684 
-0.0463486192325 0.001 0.326335425398 0.536893106305 0.541784860346 0.435644621334 0.353229410004 0.211713280618 0.351859582019 
-0.0217600640934 0.001 0.303754611054 0.550967831206 0.507298458488 0.67277207893 0.378132084331 0.29679342113 0.401813281062 
-0.0447301013242 0.001 0.298660067249 0.649628841104 0.543524671196 0.677572683114 0.285315596787 0.273332977946 0.390087120102 
-0.0142404916841 0.001 0.340106184908 0.511281970357 0.579105474428 0.735615262044 0.373963366156 0.269007349537 0.36421427548 
-0.13989751601 0.001 0.441770077395 0.543542062136 0.73498612988 0.75378606798 0.447088775446 0.244648951134 0.411027538091 
-0.00745341252429 0.001 0.435426622976 0.622514335995 0.480263977308 0.588746937273 0.34362110457 0.316040750985 0.474961592827 
-0.0269734777274 0.001 0.421051358318 0.632045472121 0.61503275774 0.583059845585 0.343097664829 0.221118473604 0.278510719888 
-0.134310582802 0.001 0.460995391364 0.487813806961 0.736736939091 0.625703272989 0.3439482942 0.188303011137 0.311338823149 
-----------MEAN OF SAMPLES-------------
-0.0670645873619 0.001 0.36764100548 0.542408927074 0.592932134284 0.634143719328 0.35107367379 0.258056244369 0.367356812701 
