Mean Noise Amplitude <length scales>
-----------ALL SAMPLES-------------
14862.8852115 0.001 263500.892607 0.82332708488 0.102515373842 
15315.401118 0.001 263505.777826 0.518461784274 0.114270916141 
15312.4664271 0.001 263444.889418 0.703151536143 0.107699564749 
15146.5389068 0.001 263577.469439 0.68145648533 0.0716530490194 
15460.8577112 0.001 264160.822526 0.593109845816 0.0691914976446 
15429.753801 0.001 264328.177131 0.496585716879 0.0769103921979 
15386.4003552 0.001 264329.023711 0.713964882754 0.0807200668778 
15212.1542016 0.001 264185.327392 0.683788819557 0.0568979863346 
15235.4549695 0.001 264137.33088 0.83683500236 0.10118184247 
15219.0991434 0.001 264132.361458 0.728796813513 0.0888320419911 
-----------MEAN OF SAMPLES-------------
15258.1011845 0.001 263930.207239 0.677947797151 0.0869872731269 
