Mean Noise Amplitude <length scales>
-----------ALL SAMPLES-------------
45043.8507709 0.001 567631.77042 0.24829770111 0.118493981278 
45043.5872347 0.001 567620.817462 0.239688425984 0.12565723201 
44822.5476666 0.001 568139.692415 0.239350671139 0.11946389667 
44482.4378989 0.001 567877.337896 0.243468700271 0.122025823942 
43604.3443581 0.001 568115.53801 0.242232462962 0.119964370482 
43861.5862247 0.001 568302.268921 0.238930606122 0.11084522247 
43840.5933389 0.001 568721.197974 0.239026431721 0.116025061987 
43937.7077587 0.001 568767.222242 0.235377816933 0.121819377758 
43866.3931283 0.001 569149.327958 0.249291185568 0.115230640334 
44322.8109004 0.001 569696.511327 0.229692436296 0.108029143898 
-----------MEAN OF SAMPLES-------------
44282.585928 0.001 568402.168463 0.240535643811 0.117755475083 
