Mean Noise Amplitude <length scales>
-----------ALL SAMPLES-------------
15083.1860598 0.001 392250.127477 0.112924769564 0.373317381735 
14770.0993087 0.001 392220.569312 0.115722395869 0.384003624496 
15084.8853094 0.001 392375.507366 0.0911713003445 0.401261866464 
15063.2592051 0.001 392770.451792 0.0921433276801 0.385953977136 
14722.0859149 0.001 393226.117764 0.0759788205292 0.379898590432 
14805.2570358 0.001 393230.223229 0.0985309338711 0.394933903676 
14629.3572752 0.001 393392.112098 0.102058111272 0.394037852127 
14883.8754308 0.001 393946.659344 0.0793090959436 0.384282863947 
14917.634772 0.001 394026.21571 0.102097602295 0.369252673471 
14741.0433707 0.001 394145.839118 0.0687671468364 0.363063940352 
-----------MEAN OF SAMPLES-------------
14870.0683682 0.001 393158.382321 0.0938703504205 0.383000667384 
