Mean Noise Amplitude <length scales>
-----------ALL SAMPLES-------------
-0.307780031574 0.001 0.44396762546 0.933979068502 0.490412487556 0.599582711413 0.284719713382 0.308513308845 0.302565972978 
-0.245538177197 0.001 0.493228353978 0.981256030878 0.518210007035 0.862276087343 0.319885340141 0.322390502343 0.362862971618 
-0.251855458439 0.001 0.490264584469 0.96484652441 0.573671779902 1.16963811708 0.286095574114 0.307876821755 0.256427668083 
-0.254412600297 0.001 0.494963282601 0.680099424714 0.622703384076 0.493392464176 0.355013708414 0.269625947557 0.527870248303 
-0.0447676113736 0.001 0.405127971875 0.443323394611 0.490347672179 0.70086465327 0.319975257669 0.246773390494 0.450898029542 
-0.0653651533455 0.001 0.435865508584 0.313212345714 0.609965133875 0.661591434042 0.320994636068 0.311021266395 0.527487927253 
-0.0455213740623 0.001 0.550265728052 0.94548717643 0.5972830229 1.16376674308 0.360570537183 0.340177347906 0.39987287262 
-0.0477732651169 0.001 0.834638506404 0.732726454085 0.673480016514 0.872613778663 0.363025600604 0.227120192951 0.631774821288 
-0.075572501568 0.001 0.862905184223 0.624065406622 0.624192222743 0.895085798499 0.370870260306 0.347996225568 0.62268681314 
-0.00527051739805 0.001 0.608756071147 0.728091746893 0.769687865566 0.975644095985 0.44061544205 0.321102126221 0.604764843256 
-----------MEAN OF SAMPLES-------------
-0.134385669037 0.001 0.561998281679 0.734708757286 0.596995359235 0.839445588355 0.342176606993 0.300259713003 0.468721216808 
