Mean Noise Amplitude <length scales>
-----------ALL SAMPLES-------------
-0.237826470528 0.001 0.453204169201 0.239528360631 0.370986154669 1.9841275233 0.291363039504 1.82135733255 0.353448320405 
-0.206204051941 0.001 0.332667864335 0.232363704432 0.353817965053 1.73535184207 0.383158947595 1.88275846648 0.263543494281 
-0.175445286577 0.001 0.372114832807 0.308070590046 0.404610361038 1.73596569981 0.357238853615 1.63457790883 0.288111682457 
-0.181888726379 0.001 0.364259587402 0.191168135043 0.315049723245 1.74761006457 0.324273817731 1.99383447387 0.33495766686 
-0.336740173673 0.001 0.333265061042 0.207577249621 0.310669562001 1.87719782608 0.253412204915 1.90312715317 0.285618465279 
-0.279343376069 0.001 0.304940492223 0.236923861341 0.383531480664 1.94532119243 0.392900759554 1.89157993362 0.200009420243 
-0.528504919921 0.001 0.318229478723 0.20425223405 0.445679735049 1.85942121701 0.238499919773 1.82899974533 0.313178525348 
-0.341655582425 0.001 0.300519160369 0.206511929035 0.361272926729 1.98054718594 0.331122552674 1.96839862124 0.308223047337 
-0.399100847342 0.001 0.291681981247 0.259322973081 0.253668588618 1.03548630353 0.332381490224 1.99191113911 0.287814116277 
-0.407200895865 0.001 0.383807081656 0.185854947292 0.371839056608 1.51344331715 0.298417514505 1.99958078588 0.22875575159 
-----------MEAN OF SAMPLES-------------
-0.309391033072 0.001 0.345468970901 0.227157398457 0.357112555367 1.74144721719 0.320276910009 1.89161255601 0.286366049008 
