Mean Noise Amplitude <length scales>
-----------ALL SAMPLES-------------
-0.226830217654 0.001 0.53921273873 0.603126606227 0.641008231589 0.752703153069 0.441187277049 0.337620197363 0.453163856084 
-0.226832009211 0.001 0.539411974609 0.539823768735 0.70554926276 0.554579391153 0.485049101271 0.237883230815 0.467368783283 
-0.149384541009 0.001 0.519802457569 0.65366129629 0.724095889273 0.600237025595 0.489162027728 0.299658564342 0.38375437185 
-0.147263247651 0.001 0.515896350091 0.683381894982 0.671688115747 0.775260504242 0.54212891069 0.354888885739 0.551302715394 
-0.202963643487 0.001 0.469240807137 0.679499017856 0.713851867086 0.566441533181 0.34780502485 0.29840319961 0.581707137816 
-0.102541396003 0.001 0.658031583612 0.908691821469 0.7424899397 0.785596588261 0.383410641208 0.40188116729 0.557133191947 
-0.0973408847089 0.001 0.648641568322 0.723470322386 0.637837183887 0.707626302895 0.461622347404 0.261059004905 0.573073906818 
-0.0770842265146 0.001 0.625953011308 0.663570876131 0.62188917459 0.542835897568 0.385553510463 0.310578531469 0.511705648242 
-0.0240897562972 0.001 0.270105924425 0.512109034148 0.563546192777 0.669444864428 0.331309647202 0.290106592854 0.379194502435 
-0.0632701099181 0.001 0.381256975314 0.701898713517 0.649774582527 0.692765510599 0.391556911138 0.270853175124 0.400047912345 
-----------MEAN OF SAMPLES-------------
-0.131760003245 0.001 0.516755339112 0.666923335174 0.667173043993 0.664749077099 0.4258785399 0.306293254951 0.485845202622 
