Mean Noise Amplitude <length scales>
-----------ALL SAMPLES-------------
15257.7300144 0.001 392006.361801 0.624101699271 0.103907857855 
15231.0181799 0.001 392196.358312 0.629930958943 0.0809047537776 
15204.1279819 0.001 392394.211146 0.441196777044 0.0643773778771 
15202.753134 0.001 392400.339369 0.698085384108 0.0736884852316 
15439.9500854 0.001 393003.785649 0.644405912679 0.0693951992673 
15880.8250613 0.001 393242.927774 0.659457729173 0.0873134708414 
16033.3210824 0.001 393318.706789 0.62785179279 0.0880610902524 
15786.65462 0.001 394025.534692 0.617379795113 0.0810299096632 
15451.5764985 0.001 394215.738731 0.598715097992 0.087651653389 
15452.4845645 0.001 394212.128036 0.630908214989 0.08913280205 
-----------MEAN OF SAMPLES-------------
15494.0441222 0.001 393101.60923 0.61720333621 0.0825462600205 
