Mean Noise Amplitude <length scales>
-----------ALL SAMPLES-------------
14272.7968025 0.001 342614.096939 0.105998276398 0.399412044027 
14498.8019641 0.001 342075.98796 0.0826846558 0.410722837222 
14521.3649165 0.001 342081.925023 0.103229814602 0.366173225057 
14478.8345641 0.001 342068.978272 0.0737470662423 0.374162140966 
14512.2669773 0.001 342154.617176 0.0719872198088 0.363226944618 
14124.2203389 0.001 342200.334565 0.0928020051375 0.411964339486 
14763.4719735 0.001 342351.904587 0.0890720915148 0.385105889972 
15393.1563016 0.001 342820.275362 0.0717310603926 0.418794622404 
15094.5131656 0.001 342763.448406 0.0843159937582 0.418150965493 
14778.747472 0.001 342756.92349 0.0546422708305 0.439332887633 
-----------MEAN OF SAMPLES-------------
14643.8174476 0.001 342388.849178 0.0830210454484 0.398704589688 
