Mean Noise Amplitude <length scales>
-----------ALL SAMPLES-------------
10543.8125503 0.001 227284.362236 0.0411332877764 0.453460218652 
10544.6791996 0.001 227471.997041 0.117369899743 0.469881471622 
10932.3245562 0.001 227273.183226 0.0868106617842 0.46854910221 
10791.6907193 0.001 227131.580587 0.0929527441169 0.47131128316 
10636.6693454 0.001 226852.62026 0.0856868959261 0.465466120543 
11020.2662333 0.001 227339.416672 0.11977587029 0.465866365245 
11091.6758721 0.001 227353.918499 0.0881334271663 0.464938708469 
10934.1844361 0.001 227403.202123 0.0928797090906 0.460676722919 
10881.489071 0.001 227430.269841 0.10641444411 0.458371581023 
11301.8852612 0.001 228040.737164 0.114392450281 0.440699522575 
-----------MEAN OF SAMPLES-------------
10867.8677245 0.001 227358.128765 0.0945549390284 0.461922109642 
