Mean Noise Amplitude <length scales>
-----------ALL SAMPLES-------------
10515.4385382 0.001 227988.840871 0.468273393087 0.126458548406 
10199.8037673 0.001 227700.951856 0.494678487858 0.129902840187 
10700.6285879 0.001 228086.659733 0.480198639037 0.125174545849 
10235.551943 0.001 228105.190245 0.422031882756 0.126666305887 
10255.0984364 0.001 228323.089329 0.523962681589 0.119955728067 
10593.0944397 0.001 228692.641725 0.567452264385 0.116443385795 
10673.028515 0.001 228579.259366 0.518543354822 0.111317052693 
10772.6034267 0.001 228469.038939 0.518024921857 0.125903133109 
10162.6797691 0.001 228700.752015 0.470033223551 0.12487066906 
9597.75622176 0.001 229317.420349 0.461638307858 0.120029599819 
-----------MEAN OF SAMPLES-------------
10370.5683645 0.001 228396.384443 0.49248371568 0.122672180887 
