Mean Noise Amplitude <length scales>
-----------ALL SAMPLES-------------
-0.065504058291 0.001 0.308618123539 0.634974978844 0.54719105334 0.476366584242 0.323366862741 0.253028696432 0.395859635911 
-0.071169426716 0.001 0.355313264654 0.587681408706 0.65332783257 0.702922230211 0.193517496518 0.238560957769 0.332793182138 
-0.066825541277 0.001 0.432331238349 0.498858734805 0.471221575295 0.643857610769 0.201913065549 0.249269934196 0.343858552942 
-0.000155298000743 0.001 0.302698935267 0.405299378192 0.475898985976 0.877552290427 0.233605822981 0.254353182575 0.336312863386 
-0.138390009384 0.001 0.441017271677 0.433381213952 0.674640970888 0.844829279305 0.309874705388 0.380607067198 0.332179172953 
-0.00657277961391 0.001 0.397532888784 0.521037083388 0.579799873536 0.651912159445 0.278029139101 0.169122386158 0.446434582809 
-0.253777662939 0.001 0.42286437513 0.612673984509 0.728489550057 0.760142819323 0.264557919532 0.266458282465 0.454236789022 
-0.179823447618 0.001 0.580490270206 0.671660372078 0.525766020433 0.991954492969 0.34374439625 0.285727166438 0.355142007425 
-0.133209545159 0.001 0.526247547434 0.429768671354 0.637638548954 0.621579809948 0.351322320864 0.251931077586 0.329119693876 
-0.15214301064 0.001 0.486041139651 0.725975391855 0.58375460632 0.961543676479 0.32668523245 0.311050447781 0.431889206122 
-----------MEAN OF SAMPLES-------------
-0.106757077964 0.001 0.425315505469 0.552131121768 0.587772901737 0.753266095312 0.282661696137 0.26601091986 0.375782568658 
