Mean Noise Amplitude <length scales>
-----------ALL SAMPLES-------------
14470.8077974 0.001 388269.570131 0.530391977359 0.0606961944591 
14446.449012 0.001 388253.314288 0.545074241469 0.0601471045624 
14654.3798562 0.001 388158.284175 0.54594669282 0.0869612402638 
14341.5351139 0.001 387831.952965 0.492967217964 0.094214841177 
14336.7361282 0.001 387799.25639 0.556061895188 0.0884002217298 
14240.3905296 0.001 387487.977056 0.520620701953 0.0887428763584 
14264.236001 0.001 387880.608271 0.569025437987 0.0917212865981 
14754.1171463 0.001 387489.845034 0.536417957924 0.119585083889 
14837.8028376 0.001 387483.505118 0.61755652509 0.0749732059556 
14850.9917716 0.001 387670.019804 0.499241193897 0.0715836933399 
-----------MEAN OF SAMPLES-------------
14519.7446194 0.001 387832.433323 0.541330384165 0.0837025748333 
