Mean Noise Amplitude <length scales>
-----------ALL SAMPLES-------------
15375.3280056 0.001 389570.473 0.111108607005 0.411948650274 
15497.2939166 0.001 389474.682339 0.112300267277 0.388338613243 
15529.4753662 0.001 389426.172761 0.0661900001002 0.392240543694 
15474.951604 0.001 389597.829539 0.077911506088 0.406751376281 
15546.1449503 0.001 389429.34564 0.0597747570947 0.382788554419 
14952.3573042 0.001 389981.909018 0.118166103779 0.428805715929 
14902.8454101 0.001 389911.318728 0.113310450627 0.386498771912 
15261.9185792 0.001 389746.180419 0.108336305645 0.373880819881 
15233.2671649 0.001 389769.124669 0.0720694653512 0.411963756542 
14791.8092786 0.001 390210.559284 0.0822516552984 0.364829823092 
-----------MEAN OF SAMPLES-------------
15256.539158 0.001 389711.75954 0.0921419118265 0.394804662527 
