Mean Noise Amplitude <length scales>
-----------ALL SAMPLES-------------
10922.0459968 0.001 227725.244787 0.125226070289 0.426100501551 
10440.3572054 0.001 227870.941617 0.128702187167 0.418293370319 
10162.0975919 0.001 228418.731411 0.117921911962 0.401424164728 
9843.71572468 0.001 229066.222985 0.132594176755 0.371717214902 
9936.75633343 0.001 229089.740125 0.102811047605 0.37819813963 
9955.48352897 0.001 229112.763065 0.108139206048 0.387314872458 
10132.5703989 0.001 228841.733373 0.112235052983 0.389827481018 
10616.557968 0.001 229202.162899 0.112653690764 0.414053864341 
10283.7808899 0.001 229385.824257 0.134539106344 0.392739939712 
10449.8214192 0.001 229426.619873 0.126749785677 0.394266069774 
-----------MEAN OF SAMPLES-------------
10274.3187057 0.001 228813.998439 0.120157223559 0.397393561843 
