Mean Noise Amplitude <length scales>
-----------ALL SAMPLES-------------
41369.7432855 0.001 637053.455504 0.130214039227 0.825679022948 
41402.5766608 0.001 637200.935317 0.124684235412 0.858837061677 
41801.6837005 0.001 637798.618695 0.131891984073 0.916871128911 
41825.2935908 0.001 637814.933361 0.127062118461 0.885292341674 
42507.7976777 0.001 637756.667659 0.131927442999 0.895196554743 
42393.7380842 0.001 637697.177212 0.129132223902 0.869940410236 
42754.7539015 0.001 637972.260899 0.127233349311 0.88561267924 
42831.8793619 0.001 638291.563065 0.133101221209 0.923912612045 
43012.110036 0.001 637801.137225 0.126318508609 0.889438594646 
42936.4249047 0.001 637812.555224 0.121198139595 0.918879177729 
-----------MEAN OF SAMPLES-------------
42283.6001204 0.001 637719.930416 0.12827632628 0.886965958385 
