Mean Noise Amplitude <length scales>
-----------ALL SAMPLES-------------
44000.6268753 0.001 664790.267365 0.24300018363 0.0884269985833 
43918.8498213 0.001 664794.487755 0.236588336691 0.0780762358296 
43940.8178656 0.001 664717.542418 0.229786267709 0.0653265668902 
44034.6066826 0.001 664708.677756 0.232470943977 0.0643584465656 
44122.1736114 0.001 664644.481704 0.236980947161 0.0653911028928 
43781.0473196 0.001 664631.511457 0.242165031541 0.0950047193152 
43468.2825901 0.001 665269.849836 0.230111981393 0.100352407949 
43629.3279622 0.001 665523.84344 0.23477784892 0.0661178617254 
43602.8688157 0.001 665396.533038 0.235451204661 0.111333342375 
43208.7033713 0.001 665584.722048 0.227508104627 0.0866667945625 
-----------MEAN OF SAMPLES-------------
43770.7304915 0.001 665006.191682 0.234884085031 0.0821054476689 
