Mean Noise Amplitude <length scales>
-----------ALL SAMPLES-------------
10552.3342759 0.001 243047.67213 0.466465750169 0.125017137767 
10160.605652 0.001 242605.158692 0.493539810086 0.118936868915 
10145.2931736 0.001 242630.888796 0.518064442595 0.114250388628 
9984.95486003 0.001 242856.283855 0.526948319305 0.115228763931 
9962.9340076 0.001 242872.331326 0.540322767385 0.117998794252 
10002.5957647 0.001 243029.698834 0.551000899509 0.111128173259 
10196.103963 0.001 243065.161071 0.496964880805 0.126114810414 
10344.7277084 0.001 243036.251345 0.533745560018 0.121678952167 
10433.7112587 0.001 243045.002111 0.477926733655 0.119013889908 
10357.0555883 0.001 243026.011521 0.484939162219 0.11863756064 
-----------MEAN OF SAMPLES-------------
10214.0316252 0.001 242921.445968 0.508991832574 0.118800533988 
