Mean Noise Amplitude <length scales>
-----------ALL SAMPLES-------------
9474.817137 0.001 242367.387828 0.381917848998 0.121196182956 
9932.82073944 0.001 241900.186404 0.391010636207 0.122481893152 
9975.88960316 0.001 241758.102636 0.429536356909 0.123595397888 
10035.0181073 0.001 242548.647384 0.400897564843 0.117485356837 
10092.8658246 0.001 242409.811442 0.398049027793 0.13047659706 
10129.6654561 0.001 242410.487447 0.385705599307 0.124814973869 
9973.97066793 0.001 242314.562422 0.426202280453 0.110625525722 
9953.98560537 0.001 242336.928138 0.438524128884 0.118473177846 
9454.75186685 0.001 242891.585179 0.340215398315 0.127656579917 
9492.56979648 0.001 242548.904763 0.4457320533 0.105580227176 
-----------MEAN OF SAMPLES-------------
9851.63548042 0.001 242348.660364 0.403779089501 0.120238591242 
