Mean Noise Amplitude <length scales>
-----------ALL SAMPLES-------------
15103.5037713 0.001 279443.544239 0.537039697474 0.0905490517187 
14863.8382979 0.001 279667.587005 0.572678776228 0.10381499181 
14806.3562586 0.001 279633.522015 0.525767831247 0.0925518981408 
14888.4258223 0.001 279556.333778 0.55821346784 0.0916107980372 
14467.4347358 0.001 279760.835308 0.518416243866 0.0911021812984 
15209.8322079 0.001 279189.446278 0.607221181859 0.0759074737527 
15198.8515575 0.001 279190.16939 0.524097732084 0.104468020734 
15323.4799646 0.001 279110.783998 0.587243059104 0.0837104863398 
15569.3067214 0.001 279128.702411 0.572651343357 0.0854167002417 
15544.8409046 0.001 278897.608471 0.561544812171 0.129168138475 
-----------MEAN OF SAMPLES-------------
15097.5870242 0.001 279357.853289 0.556487414523 0.0948299740548 
