Mean Noise Amplitude <length scales>
-----------ALL SAMPLES-------------
15117.8243874 0.001 284993.516902 0.551817289477 0.0959926546047 
15138.0943244 0.001 285010.282795 0.551371303662 0.08486761003 
15293.9488649 0.001 285041.601743 0.547873695128 0.0926611150328 
14803.9567656 0.001 285295.858487 0.550204308749 0.106543878832 
14851.4951226 0.001 285743.661955 0.495070386924 0.0683465571229 
15083.4838065 0.001 286131.250061 0.534640991016 0.0957435909978 
15117.5152125 0.001 286321.549224 0.530976514517 0.102580203202 
14951.2152807 0.001 286614.415791 0.595788470814 0.0956219323037 
14991.7077259 0.001 286870.358949 0.549152864092 0.0871844898959 
14596.0888545 0.001 287646.419165 0.515151989009 0.0964108150375 
-----------MEAN OF SAMPLES-------------
14994.5330345 0.001 285966.891507 0.542204781339 0.092595284706 
