Mean Noise Amplitude <length scales>
-----------ALL SAMPLES-------------
14647.4196746 0.001 272883.275008 0.105546952587 0.434534272499 
14835.2526375 0.001 272834.325554 0.0804918284569 0.405369953909 
15274.0403779 0.001 273019.233458 0.0941354619685 0.373162131096 
15264.7328222 0.001 273153.212453 0.0631861524981 0.367680558467 
14981.8042184 0.001 273621.529093 0.0565005757636 0.422326034494 
14999.5518899 0.001 273774.168145 0.0918673013628 0.396327606217 
14999.5087395 0.001 273878.136831 0.0957841270408 0.374209938194 
14989.8961728 0.001 273882.610476 0.0531882270492 0.383932703709 
15174.3110998 0.001 274297.742861 0.102196713982 0.384006355863 
15243.2244725 0.001 275018.578815 0.0787782089893 0.415327210701 
-----------MEAN OF SAMPLES-------------
15040.9742105 0.001 273636.28127 0.0821675549698 0.395687676515 
