Mean Noise Amplitude <length scales>
-----------ALL SAMPLES-------------
-0.000239927574868 0.001 0.446936724725 0.709575220831 0.615031349494 0.819760789134 0.323820563615 0.346633874812 0.405040574148 
-0.154156966866 0.001 0.547352067934 0.500927315103 0.632720189163 0.810838342442 0.423340937016 0.323095243655 0.413173339543 
-0.224587624816 0.001 0.491340785538 0.585659587213 0.524927464022 0.586147000229 0.342926945282 0.330288755636 0.394794271905 
-0.247244473929 0.001 0.520428470319 0.637787757833 0.667992713945 0.705575324503 0.496091504619 0.276384284568 0.478209053764 
-0.0623137031108 0.001 0.660271719053 0.590736607394 0.739834106602 0.717900441562 0.492826808868 0.495173073024 0.479252161135 
-0.076811889597 0.001 0.732704730963 0.655397578299 0.738027653501 0.692321645177 0.488002009408 0.459115079243 0.504166724952 
-0.18739449561 0.001 0.734936107078 0.658806532555 0.845730195274 0.916299692837 0.422827715595 0.409135849074 0.472727472263 
-0.00361135792103 0.001 0.620091273756 0.654027547229 0.642098931212 0.750844076573 0.446102402481 0.406962789773 0.473568020099 
-0.0354262552209 0.001 0.633242713653 0.678462379694 0.692001050334 0.802957377435 0.53113580044 0.326772646171 0.348113940816 
-0.0621563858294 0.001 0.771765974691 0.738000180236 0.666580113626 0.728053525001 0.41123389071 0.433223221956 0.586997649923 
-----------MEAN OF SAMPLES-------------
-0.105394308048 0.001 0.615907056771 0.640938070639 0.676494376717 0.753069821489 0.437830857803 0.380678481791 0.455604320855 
