Mean Noise Amplitude <length scales>
-----------ALL SAMPLES-------------
45746.9866212 0.001 642766.859759 0.0479748028407 1.27202264655 
46079.4540944 0.001 643082.224612 0.0604859736742 1.27067238219 
45533.0357664 0.001 642727.305263 0.0486540122613 1.26575375857 
45632.176697 0.001 642826.685042 0.0873345794201 1.22575211599 
44975.3587834 0.001 642433.412336 0.0976197073783 1.26379368237 
44850.807246 0.001 642529.793195 0.0797072401935 1.258601485 
44842.6487237 0.001 642685.038496 0.0690674808725 1.24825467729 
45366.0023199 0.001 642972.522661 0.0632159031872 1.22816401578 
44805.18452 0.001 642963.1647 0.0555755360855 1.20934009816 
44855.2972674 0.001 643154.602659 0.0569729938595 1.24248694705 
-----------MEAN OF SAMPLES-------------
45268.6952039 0.001 642814.160872 0.0666608229773 1.24848418089 
