Mean Noise Amplitude <length scales>
-----------ALL SAMPLES-------------
10209.6720004 0.001 241375.614042 0.131182920829 0.395721215163 
10697.7926984 0.001 241124.688497 0.130747780135 0.378912277126 
10672.7883003 0.001 241188.908783 0.102040924244 0.408827138126 
10659.1000104 0.001 241176.993239 0.125483282677 0.39654529782 
10130.5892165 0.001 241497.253833 0.10706349429 0.373133243876 
9966.47120862 0.001 242063.30124 0.118324369111 0.375323510968 
9890.76157345 0.001 242276.956438 0.110480865439 0.386853532039 
9969.30325634 0.001 242805.608772 0.0964872348417 0.363959300086 
9851.02313189 0.001 242942.922888 0.132368567898 0.361880816909 
10023.6020071 0.001 243601.43456 0.115953702344 0.371124736868 
-----------MEAN OF SAMPLES-------------
10207.1103403 0.001 242005.368229 0.117013314181 0.381228106898 
