Mean Noise Amplitude <length scales>
-----------ALL SAMPLES-------------
-0.269363715373 0.001 0.99433591492 0.672286908763 0.732986725208 0.718988428588 0.386544227156 0.369039844804 0.492769035224 
-0.267337150883 0.001 0.979570204577 0.673763417091 0.580327717858 0.717793773596 0.444173893524 0.382071807954 0.493517650016 
-0.484766379414 0.001 0.881154901722 0.730166857407 0.548377160557 0.775374897817 0.596228836302 0.466526535008 0.346899942847 
-0.414634701521 0.001 1.17075714685 0.733513356498 0.572949701546 0.752854949394 0.592604690058 0.364632042103 0.516265579043 
-0.34932363774 0.001 1.00210278594 0.793449582666 0.609870085582 0.735818828183 0.523374497844 0.315090789699 0.505681288466 
-0.130881782285 0.001 0.96688347802 0.743020630469 0.576834634041 0.644100598641 0.750616296268 0.213013890536 0.570951484121 
-0.0483135034168 0.001 0.955596632241 0.805021516273 0.660939064135 0.721995285672 0.749240786623 0.507215266546 0.485577881269 
-0.0417174260539 0.001 0.949447025324 0.795435193487 0.6873999364 0.855570521355 0.502651558307 0.481716957559 0.478851743587 
-0.0351572722072 0.001 1.09586177883 0.997393574312 0.622019786937 0.688653564277 0.477651648744 0.354384416039 0.501616573097 
-0.0364249312983 0.001 1.09350836001 0.574989515231 0.548849424399 0.815749611593 0.62432660976 0.393805994332 0.489112459542 
-----------MEAN OF SAMPLES-------------
-0.207792050019 0.001 1.00892182284 0.75190405522 0.614055423666 0.742690045912 0.564741304459 0.384749754458 0.488124363721 
