Mean Noise Amplitude <length scales>
-----------ALL SAMPLES-------------
44752.5318222 0.001 380911.336709 0.232340073947 0.0861428382324 
44786.9246884 0.001 381572.749739 0.234811668123 0.07691196337 
44656.5617432 0.001 381569.659539 0.233874473729 0.0815542591817 
44646.8553429 0.001 381581.565117 0.235920413532 0.0925479645937 
44487.486982 0.001 381594.942472 0.230775402627 0.0878295408086 
44066.4883663 0.001 382172.690395 0.239213800365 0.0783631809518 
44070.1672123 0.001 382169.196872 0.224414015791 0.0921246666974 
44071.5028785 0.001 382152.535783 0.226119564072 0.0789133222368 
43438.5006825 0.001 382125.728159 0.2296042615 0.0752597348478 
43350.7641326 0.001 382688.208077 0.231418046018 0.0834707661956 
-----------MEAN OF SAMPLES-------------
44232.7783851 0.001 381853.861286 0.23184917197 0.0833118237116 
