Mean Noise Amplitude <length scales>
-----------ALL SAMPLES-------------
36305.8933937 0.001 668540.402987 0.251896486002 0.109483385162 
36268.1625468 0.001 668413.295123 0.258021829174 0.108314606882 
36286.0795272 0.001 668939.243867 0.260841515472 0.0987496836058 
36321.2632161 0.001 669042.010547 0.244347908626 0.119405465126 
36609.505499 0.001 669218.374817 0.25765226338 0.0991920273363 
36625.5901017 0.001 669694.034018 0.255515284783 0.116839524489 
36617.8241915 0.001 669688.235555 0.255859137299 0.116628001219 
36466.1690544 0.001 670162.17048 0.255178951235 0.113265683548 
36476.9506799 0.001 670157.219249 0.249464731335 0.112152356814 
36595.216127 0.001 670315.220523 0.252778817043 0.106092063207 
-----------MEAN OF SAMPLES-------------
36457.2654337 0.001 669417.020717 0.254155692435 0.110012279739 
