Mean Noise Amplitude <length scales>
-----------ALL SAMPLES-------------
15590.2308324 0.001 328323.797513 0.117347702438 0.370400613878 
15591.3279903 0.001 328325.011914 0.124781955753 0.392456586509 
15050.1478389 0.001 327800.957775 0.110253329841 0.408021804206 
14517.8109384 0.001 328267.032697 0.126603863283 0.380373417319 
14930.6999278 0.001 327983.240108 0.107236465996 0.384032647107 
14480.0211343 0.001 327838.509032 0.102084976105 0.381345604096 
14245.4673064 0.001 327884.310785 0.10423054392 0.396722479717 
14423.9941799 0.001 328258.873919 0.122565567556 0.400084899649 
14410.0453869 0.001 328261.19279 0.118245588254 0.402699530116 
15035.4762026 0.001 328083.130652 0.128021773085 0.363124015995 
-----------MEAN OF SAMPLES-------------
14827.5221738 0.001 328102.605718 0.116137176623 0.387926159859 
