Mean Noise Amplitude <length scales>
-----------ALL SAMPLES-------------
45378.8360198 0.001 509493.095726 0.389317731569 0.0659203280461 
45270.4821775 0.001 509770.034008 0.401309062786 0.0676020429633 
45160.1358422 0.001 509751.478756 0.374006169847 0.0715670451476 
45076.9720174 0.001 509630.715614 0.385728278603 0.0689201368806 
44773.8519896 0.001 510423.452157 0.383048469967 0.0667217780488 
44430.7248541 0.001 510779.495876 0.405985464067 0.0658939094405 
45098.7163591 0.001 511229.565075 0.401123895271 0.0675315395307 
45182.3781942 0.001 511268.341428 0.402908944932 0.0669878196497 
45151.5424651 0.001 511319.276035 0.397089714144 0.0702955559677 
45559.1037291 0.001 511656.765513 0.376418400578 0.0708011984962 
-----------MEAN OF SAMPLES-------------
45108.2743648 0.001 510532.222019 0.391693613176 0.0682241354171 
