Mean Noise Amplitude <length scales>
-----------ALL SAMPLES-------------
15185.8451612 0.001 266370.692083 0.579660442348 0.0923650726069 
15318.8785372 0.001 266208.71358 0.487620720061 0.0929975401028 
15421.2123817 0.001 265577.562757 0.562117982271 0.0634460224225 
15393.0034355 0.001 265555.188317 0.574311256456 0.0541968283832 
15547.4294004 0.001 265751.306798 0.551748503647 0.109505917936 
14948.3249689 0.001 265984.358026 0.524843139174 0.0813319963374 
14964.0598598 0.001 266004.103135 0.592292191902 0.0535768854145 
14534.9591738 0.001 266426.830515 0.576289779337 0.0861499671308 
14657.6950238 0.001 266446.136363 0.572762643309 0.0901316401315 
14644.515252 0.001 266726.5638 0.535546661049 0.0587848231967 
-----------MEAN OF SAMPLES-------------
15061.5923194 0.001 266105.145537 0.555719331956 0.0782486693663 
