Mean Noise Amplitude <length scales>
-----------ALL SAMPLES-------------
-0.289481750725 0.001 0.319391112157 0.586710958356 0.547806950869 0.521068400248 0.455568649578 0.233432283022 0.427477499796 
-0.243264926827 0.001 0.31709178186 0.478256287552 0.585165858593 0.563427005723 0.392120444656 0.2351719974 0.35924248215 
-0.237674514037 0.001 0.313209986466 0.614633138056 0.580835166073 0.599212808523 0.281188471357 0.263759278416 0.38370712645 
-0.255737999819 0.001 0.298765403562 0.571808991117 0.517084302225 0.650779792105 0.309627954184 0.29247293678 0.338473084797 
-0.145175165443 0.001 0.295960349533 0.557521445384 0.561840523435 0.60531435484 0.310671708545 0.239403468062 0.276815648259 
-0.174957660998 0.001 0.267562907012 0.525781814458 0.526643798256 0.720168421375 0.34448009226 0.322893773704 0.444333996015 
-0.188345338362 0.001 0.294429874082 0.53327936819 0.615734240166 0.741684156603 0.477917626387 0.203678831291 0.357996089656 
-0.17506468134 0.001 0.283851079453 0.517556944686 0.453958153771 0.701246796479 0.497086264107 0.330200076544 0.304479336845 
-0.0971108958204 0.001 0.260933070781 0.622875907631 0.495436608037 0.537194271521 0.293066170402 0.23821322221 0.400524275498 
-0.10647746327 0.001 0.356484016371 0.58715577958 0.478756958357 0.491431436208 0.301269782294 0.384002577313 0.254893084454 
-----------MEAN OF SAMPLES-------------
-0.191329039664 0.001 0.300767958128 0.559558063501 0.536326255978 0.613152744363 0.366299716377 0.274322844474 0.354794262392 
