Mean Noise Amplitude <length scales>
-----------ALL SAMPLES-------------
10679.7268856 0.001 227142.811505 0.0707893953191 0.53821713275 
10769.6169713 0.001 228013.369598 0.100810593593 0.54910636598 
10743.4377312 0.001 228041.774267 0.0975480734673 0.56575817403 
10530.9185932 0.001 228223.9765 0.0997571729432 0.52721506906 
10397.9608354 0.001 228180.566212 0.0713057046847 0.550641895954 
10615.2641764 0.001 227829.37109 0.0873300017731 0.521745021418 
10927.0376261 0.001 227664.022431 0.0890197796667 0.525817018271 
11201.9154477 0.001 227697.642429 0.0932899530347 0.546340103043 
10941.0442098 0.001 227916.559947 0.0852523020252 0.53398983696 
10961.9498679 0.001 228496.074577 0.0526512580781 0.563224254142 
-----------MEAN OF SAMPLES-------------
10776.8872345 0.001 227920.616856 0.0847754234585 0.542205487161 
