Mean Noise Amplitude <length scales>
-----------ALL SAMPLES-------------
10387.6041311 0.001 225630.274238 0.0960741083485 0.391372891973 
10402.4993391 0.001 225673.295154 0.126622039299 0.380330748349 
9979.51044143 0.001 225924.91325 0.113394582795 0.37469053707 
9911.9459919 0.001 225838.121655 0.0976147535979 0.367378368903 
10455.1188838 0.001 226086.810736 0.11792924145 0.402775490242 
10531.3588379 0.001 226081.137462 0.112229966175 0.372163202316 
10120.4343877 0.001 226175.876977 0.120466841256 0.387170185486 
10427.8381515 0.001 226848.273073 0.110691285728 0.378567407187 
10414.8130006 0.001 227036.337471 0.105450703707 0.369350543606 
10393.9149701 0.001 227030.427519 0.125643767559 0.387656756836 
-----------MEAN OF SAMPLES-------------
10302.5038135 0.001 226232.546754 0.112611728992 0.381145613197 
