Mean Noise Amplitude <length scales>
-----------ALL SAMPLES-------------
-0.184869885626 0.001 0.360533857835 0.571396437877 0.530155201608 0.316085714306 0.420438937861 0.311917368824 0.608645460584 
-0.192251624705 0.001 0.348232573867 0.419158754653 0.503645580672 0.311139393658 0.363419158654 0.371854611679 0.502672941449 
-0.191921778702 0.001 0.347153672122 0.593454001194 0.502949099869 0.45070031023 0.353162370934 0.29588796042 0.272564837329 
-0.208303704031 0.001 0.391558675283 0.63767752775 0.533048943481 0.505668162038 0.438251056476 0.306644408624 0.505027974668 
-0.153485847541 0.001 0.382552075665 0.594544847059 0.638786152997 0.44068598464 0.425880560396 0.320404212348 0.399534652318 
-0.151839374665 0.001 0.365365117796 0.651354924259 0.408865324071 0.465925384109 0.362765513952 0.310886659189 0.349508762315 
-0.142677289413 0.001 0.370091915561 0.648460771859 0.527070200302 0.490803398491 0.330513265661 0.352761494251 0.378031130112 
-0.100512429181 0.001 0.346396546695 0.526685612623 0.641672877447 0.54251756043 0.415748895537 0.328671490688 0.312280759579 
-0.0660864217387 0.001 0.371375268836 0.67055704723 0.602974207732 0.383411605441 0.486185260593 0.261224967004 0.422764707745 
-0.0727102284344 0.001 0.386489693259 0.637112306566 0.695672420179 0.403517115392 0.361239197043 0.265057876264 0.40302333439 
-----------MEAN OF SAMPLES-------------
-0.146465858404 0.001 0.366974939692 0.595040223107 0.558484000836 0.431045462874 0.395760421711 0.312531104929 0.415405456049 
