Mean Noise Amplitude <length scales>
-----------ALL SAMPLES-------------
-0.158295387724 0.001 0.240683533218 0.497743508767 0.427047917599 0.734757315248 0.294652846645 0.29430398627 0.42873016508 
-0.0725143004791 0.001 0.319528865848 0.611001597474 0.445784718468 0.730182290107 0.530279039765 0.178015370835 0.332018411639 
-0.0729889678242 0.001 0.318381780891 0.534224721296 0.457785614518 0.679921965257 0.513471346595 0.219769435579 0.391229288437 
-0.0757483189763 0.001 0.332092363423 0.578966371479 0.676877584276 0.678449872605 0.383901360998 0.258572365158 0.367521768861 
-0.0751450642296 0.001 0.355675169124 0.681388437503 0.483727736122 0.783766454247 0.387418702812 0.270076121481 0.476644704941 
-0.0745891329913 0.001 0.356325176346 0.657993954761 0.707134496797 0.738569096029 0.389607460757 0.180306770091 0.252767304107 
-0.118790965244 0.001 0.474725769264 0.485499910889 0.574424064511 0.652595393669 0.336463705047 0.259604347527 0.492141378941 
-0.0956120590144 0.001 0.498567022411 0.703383517096 0.479409977714 0.903731398526 0.598544411464 0.239685480342 0.328714183755 
-0.152284434441 0.001 0.502166702795 0.668059630352 0.547547086532 0.799934770038 0.211105595485 0.230372294601 0.360392885178 
-0.264869784299 0.001 0.420423797732 0.649267629916 0.517745494651 0.844570763354 0.488976535874 0.330188637092 0.441982967656 
-----------MEAN OF SAMPLES-------------
-0.116083841522 0.001 0.381857018105 0.606752927953 0.531748469119 0.754647931908 0.413442100544 0.246089480898 0.387214305859 
