Mean Noise Amplitude <length scales>
-----------ALL SAMPLES-------------
-0.0605460427923 0.001 0.577359791408 0.853850729423 0.555278213987 0.746588550792 0.352043596671 0.450262703022 0.446286893566 
-0.206048167621 0.001 0.542395978829 0.950642159821 0.596203831955 0.681023631582 0.435150724074 0.459711145151 0.452158830763 
-0.209553314436 0.001 0.471966652401 0.767195992684 0.679860869997 0.660170961988 0.433412982576 0.277590927006 0.406321121829 
-0.203730514235 0.001 0.32570694601 0.736025937698 0.632079896337 0.572475789202 0.406320642852 0.29263501636 0.36835980098 
-0.217791640462 0.001 0.344228709168 0.692362713329 0.555792055189 0.497119191766 0.560896856454 0.318146419435 0.391983848739 
-0.278103216268 0.001 0.458701131434 0.724245852454 0.670218137721 0.844789447967 0.409474528375 0.322749189225 0.47283775472 
-0.28302314169 0.001 0.482660552853 0.758597532922 0.591600555061 0.833799912749 0.486545057142 0.343988977792 0.505606962691 
-0.28085845713 0.001 0.522555755123 0.713328338759 0.602478850956 0.679834830975 0.357638754237 0.337086010346 0.783620503573 
-0.300564833315 0.001 0.482079855971 0.649994667949 0.505943535826 0.649801253261 0.562282925534 0.302940076576 0.324035717684 
-0.268862430532 0.001 0.530188662723 0.810478462771 0.667640861681 0.665971914975 0.39914903985 0.305182414743 0.412395571057 
-----------MEAN OF SAMPLES-------------
-0.230908175848 0.001 0.473784403592 0.765672238781 0.605709680871 0.683157548526 0.440291510777 0.341029287966 0.45636070056 
