Mean Noise Amplitude <length scales>
-----------ALL SAMPLES-------------
11902.1423289 0.001 227479.252353 0.0271210259533 0.746684001726 
11899.5533274 0.001 227470.455205 0.0252178913507 0.719478885352 
11890.3315812 0.001 227435.618188 0.02989473303 0.765438171438 
11700.7435521 0.001 227311.278434 0.0230974203182 0.788461898136 
11750.5461078 0.001 227386.82844 0.0287575509689 0.797506607402 
11822.371467 0.001 227364.381026 0.029800155443 0.830188444302 
11741.4107518 0.001 227304.933212 0.02964405546 0.75696946521 
11249.4337032 0.001 227452.62753 0.0252043586774 0.73422185168 
10943.4589752 0.001 227983.402614 0.0233823106434 0.872095290601 
10560.0954376 0.001 228203.648267 0.0248864332209 0.73770284678 
-----------MEAN OF SAMPLES-------------
11546.0087232 0.001 227539.242527 0.0267005935066 0.774874746263 
