Mean Noise Amplitude <length scales>
-----------ALL SAMPLES-------------
0.322866594511 0.001 0.0240922358305 0.903782105296 0.000856371959637 
0.321388752281 0.001 0.0319643045581 1.25384541722 0.000828147858378 
0.316609623412 0.001 0.0264817978082 1.35147936168 0.000849364383462 
0.317064933852 0.001 0.0287273485781 1.38511669044 0.000837498871702 
0.315729029471 0.001 0.02490533285 1.52390223345 0.000866212311071 
0.315453096976 0.001 0.0247384166612 0.970402322342 0.000767039400049 
0.311480913311 0.001 0.0269975561131 1.07023719329 0.000849831311493 
0.302311197719 0.001 0.0258992808482 0.90454825561 0.000895162119132 
0.302107156907 0.001 0.0247915796688 1.06512950776 0.00107669076663 
0.301461382124 0.001 0.0278547872105 1.04589204145 0.00105906133398 
-----------MEAN OF SAMPLES-------------
0.312647268056 0.001 0.0266452640127 1.14743351285 0.000888538031554 
