Mean Noise Amplitude <length scales>
-----------ALL SAMPLES-------------
14734.1675344 0.001 267844.834766 0.573671100781 0.094897009512 
14823.9293421 0.001 268749.810108 0.555286478015 0.077836090468 
14883.5360069 0.001 268868.700452 0.551465211682 0.076166586452 
14752.6936413 0.001 269198.389823 0.47230222247 0.0588417074761 
14946.478635 0.001 269304.379752 0.497099734043 0.0749545916228 
14874.5543958 0.001 269304.096476 0.582660778136 0.0442211382274 
15146.0414635 0.001 269825.358868 0.514847637009 0.0954082901103 
15137.2683304 0.001 269884.141465 0.546710866112 0.0631263483074 
15094.5011604 0.001 269929.537812 0.553129791575 0.0648911947702 
14934.2918703 0.001 270404.119542 0.536173854959 0.0769795846658 
-----------MEAN OF SAMPLES-------------
14932.746238 0.001 269331.336906 0.538334767478 0.0727322541612 
