Mean Noise Amplitude <length scales>
-----------ALL SAMPLES-------------
10027.9872435 0.001 242615.091237 0.355267456563 0.120560739399 
10045.8988804 0.001 242609.228902 0.351896434599 0.119603426567 
10167.1568468 0.001 243222.222613 0.380410610375 0.123154420583 
9506.89670668 0.001 243552.865613 0.335880626877 0.124013392241 
9493.70935196 0.001 243602.77284 0.326118368026 0.118724473926 
9507.85100115 0.001 243580.96834 0.33678503597 0.130059044431 
9575.98876309 0.001 243542.927184 0.316766881381 0.112815383732 
9607.98929408 0.001 243998.846113 0.337685972112 0.137832075377 
9690.23073105 0.001 244474.767261 0.343167726471 0.129736561952 
9521.26883502 0.001 244389.980172 0.342865424923 0.119707343783 
-----------MEAN OF SAMPLES-------------
9714.49776537 0.001 243558.967028 0.34268445373 0.123620686199 
