Mean Noise Amplitude <length scales>
-----------ALL SAMPLES-------------
10912.6094318 0.001 251745.888306 0.573066815636 0.125113596746 
10757.4144438 0.001 251625.179762 0.623991376569 0.129220327187 
10783.073892 0.001 251551.272228 0.600443323966 0.129563931313 
10551.7329873 0.001 251624.702304 0.588696194911 0.128221783954 
10543.7134723 0.001 251627.079124 0.596292482095 0.12858060101 
10175.0171542 0.001 252137.126217 0.603603521467 0.136498033808 
10118.4055087 0.001 252112.085029 0.592846120181 0.125045225559 
10187.2719129 0.001 252079.460132 0.562680692926 0.129742113965 
10090.4274216 0.001 252388.921936 0.597890991801 0.134433202646 
10106.1580585 0.001 252260.861915 0.63294122798 0.128630189109 
-----------MEAN OF SAMPLES-------------
10422.5824283 0.001 251915.257695 0.597245274753 0.12950490053 
