Mean Noise Amplitude <length scales>
-----------ALL SAMPLES-------------
10952.3472941 0.001 192790.497033 0.00234818916172 0.62850146171 
10817.0247272 0.001 193168.492932 0.002065644862 0.641828903637 
10815.1790038 0.001 193129.640628 0.00206324486107 0.606056497374 
11080.1192883 0.001 193111.37986 0.00189156192925 0.606052984107 
10869.5404512 0.001 193744.198187 0.0018806271169 0.658581389114 
10868.71031 0.001 193853.778706 0.00223926439033 0.629492710498 
10997.1667111 0.001 193888.796497 0.00179080947152 0.632732136405 
10905.4092481 0.001 193745.792074 0.00176171490259 0.656437870979 
10442.0762314 0.001 193895.859036 0.00187784713277 0.609043684438 
10748.2154065 0.001 194022.593461 0.00195466812421 0.601810941797 
-----------MEAN OF SAMPLES-------------
10849.5788672 0.001 193535.102842 0.00198735719524 0.627053858006 
