Mean Noise Amplitude <length scales>
-----------ALL SAMPLES-------------
37580.4541636 0.001 560666.729752 0.239420636919 0.0563692031507 
37551.913877 0.001 560706.964762 0.237976383488 0.0578936306261 
37562.0019117 0.001 560637.894616 0.247600643221 0.0785750515579 
37637.634549 0.001 560650.744031 0.24699897367 0.0779341315378 
37666.816543 0.001 560579.59561 0.240914351836 0.0820682704767 
37417.1506217 0.001 560817.641731 0.242272921951 0.0577431347781 
37060.0924717 0.001 561088.676916 0.24261800447 0.0862034351945 
37431.8679241 0.001 561260.211143 0.239254509238 0.0813318424509 
37600.9907301 0.001 562197.187963 0.244917728118 0.0800026036918 
37567.403335 0.001 562235.899761 0.245262666669 0.0651809929548 
-----------MEAN OF SAMPLES-------------
37507.6326127 0.001 561084.154628 0.242723681958 0.0723302296419 
