Mean Noise Amplitude <length scales>
-----------ALL SAMPLES-------------
-0.0675517744944 0.001 0.427792209641 0.227293303909 0.310222224773 1.77000212314 0.345443039299 1.78971790943 0.290738845368 
-0.0680845062404 0.001 0.423615954159 0.239091566192 0.388310010287 1.46193145175 0.306151968063 1.73328697694 0.31913724305 
-0.286466007187 0.001 0.542487772407 0.281799073799 0.48007404243 1.96947776861 0.361506414915 1.10333793674 0.266210382486 
-0.384293377046 0.001 0.364217034096 0.31603721716 0.32101155416 1.94884445643 0.395088286179 1.82127598993 0.319517831971 
-0.333541265461 0.001 0.345850894859 0.249137225953 0.377543568479 1.9776026074 0.240323318186 1.86843429374 0.326015979475 
-0.33456888717 0.001 0.36568330046 0.229970867455 0.353100897904 1.98775385271 0.23570761085 1.63615337273 0.349088571818 
-0.336103839983 0.001 0.369194692574 0.246065421093 0.34709381544 1.82177258232 0.189299781604 1.69943989378 0.334717775153 
-0.346566675086 0.001 0.377751914859 0.259144689417 0.319030430934 1.92355276212 0.450446004385 1.45977451643 0.34368003478 
-0.309846056215 0.001 0.524971972019 0.342788599983 0.332415581931 1.83822684426 0.332555289151 1.98654973443 0.302455376233 
-0.285964573471 0.001 0.481938381773 0.271111324536 0.334373766561 1.95683200499 0.278506283405 1.95188141346 0.353217753667 
-----------MEAN OF SAMPLES-------------
-0.275298696235 0.001 0.422350412685 0.26624392895 0.35631758929 1.86559964537 0.313502799604 1.70498520376 0.3204779794 
