Mean Noise Amplitude <length scales>
-----------ALL SAMPLES-------------
10507.0170299 0.001 222609.334581 0.0345837819091 0.473870329353 
10615.227117 0.001 222657.654466 0.0252409270721 0.429980117734 
10705.819187 0.001 223423.468814 0.0328849276306 0.404062256545 
10984.0505066 0.001 223285.773822 0.0301552292458 0.455315973091 
11080.4491611 0.001 223314.830185 0.0332541102901 0.461462040834 
11147.7897746 0.001 223691.308158 0.0263845109299 0.493499144843 
10679.0154258 0.001 223426.077177 0.0276133255526 0.510847996512 
10759.9350799 0.001 223622.271301 0.0282598008695 0.449328133629 
10629.0978877 0.001 223683.367037 0.036355097789 0.437421629805 
10406.8861569 0.001 223984.898056 0.0320211511312 0.429165053844 
-----------MEAN OF SAMPLES-------------
10751.5287326 0.001 223369.89836 0.030675286242 0.454495267619 
