Mean Noise Amplitude <length scales>
-----------ALL SAMPLES-------------
-0.148412416322 0.001 0.339321350107 0.485760863549 0.596073351436 0.964683631084 0.377566946514 0.25480067943 0.341280142942 
-0.165915416604 0.001 0.424120746127 0.591922067525 0.536430952777 0.607246744905 0.396819081381 0.243802142756 0.411798456123 
-0.255472674723 0.001 0.356912161704 0.353340356586 0.53033355647 0.812642325102 0.342465274684 0.217375894309 0.340902338951 
-0.241000505205 0.001 0.327166561017 0.594431839806 0.539180835959 0.591641967631 0.405924347069 0.276429061263 0.313936596397 
-0.235116972759 0.001 0.352113737812 0.51312339388 0.618911186375 0.611528908501 0.478817793694 0.357181356628 0.35420521617 
-0.203318102897 0.001 0.531416328706 0.536412478179 0.603000859255 0.839440116499 0.341121850576 0.342298400296 0.24443334616 
-0.0820532870361 0.001 0.527319071628 0.518627444155 0.553864310275 0.91295668235 0.409219166803 0.349576814199 0.478314641112 
-0.0983322425128 0.001 0.51217076997 0.483421609425 0.595833007405 0.830757064816 0.377834555641 0.293384662036 0.45324212281 
-0.069163892247 0.001 0.410955195179 0.492607058828 0.623200782744 0.829935211134 0.369909430984 0.258359868241 0.346080135162 
-0.0200007243485 0.001 0.421129945655 0.525614317855 0.614485718643 0.892346287275 0.411550817821 0.295791152077 0.393657317752 
-----------MEAN OF SAMPLES-------------
-0.151878623465 0.001 0.420262586791 0.509526142979 0.581131456134 0.78931789393 0.391122926517 0.288900003124 0.367785031358 
