Mean Noise Amplitude <length scales>
-----------ALL SAMPLES-------------
70141.8342275 0.001 441241.483543 0.30028629004 0.138251559888 
70073.8909612 0.001 441469.98553 0.312001892094 0.138112175436 
70216.299968 0.001 441880.315472 0.303791373176 0.138069131823 
70046.6092364 0.001 442118.705878 0.310754889372 0.138075523931 
69760.2388039 0.001 442120.30147 0.308819087276 0.139212644403 
69741.2612925 0.001 442149.873223 0.316566848247 0.138305357035 
69839.5403481 0.001 442169.190464 0.300677287234 0.138459833358 
70463.2930928 0.001 442555.585921 0.30516156932 0.138599158298 
70611.8569908 0.001 443113.67119 0.301701604671 0.137636449298 
70568.8573613 0.001 443291.568686 0.309856546271 0.138453860683 
-----------MEAN OF SAMPLES-------------
70146.3682282 0.001 442211.068138 0.30696173877 0.138317569415 
