Mean Noise Amplitude <length scales>
-----------ALL SAMPLES-------------
15195.4778358 0.001 405646.021847 0.100466583197 0.378923342385 
14802.5862111 0.001 405784.88236 0.0719730289538 0.411520123439 
14803.2902528 0.001 406036.583506 0.0578849913959 0.417620189587 
14967.7223519 0.001 405751.659509 0.133338593105 0.415863367887 
15242.2575392 0.001 406332.316624 0.0558481248761 0.408519511287 
15089.9907514 0.001 406230.761133 0.113941702805 0.421707077156 
16010.9237181 0.001 406395.082873 0.0876046631581 0.425696259088 
15778.0078522 0.001 406177.459484 0.0996390966349 0.427822063527 
15493.4064032 0.001 406882.081694 0.0814313851799 0.37354696891 
15688.597073 0.001 406996.363069 0.064653213756 0.386721178399 
-----------MEAN OF SAMPLES-------------
15307.2259989 0.001 406223.32121 0.0866781383062 0.406794008166 
