Mean Noise Amplitude <length scales>
-----------ALL SAMPLES-------------
14600.0127067 0.001 411937.493587 0.0911067149217 0.375818453661 
14630.2405346 0.001 412708.761534 0.11509886882 0.36012494416 
14528.4962149 0.001 412717.411332 0.0960767657208 0.397524237672 
14524.7849973 0.001 412820.498955 0.0708423815759 0.412185395033 
14875.8000793 0.001 412800.614755 0.0728490076763 0.340674929784 
14874.4687401 0.001 412800.339315 0.064365615973 0.39777805453 
14679.2290165 0.001 413048.548264 0.0964455778778 0.387892404767 
14737.0511268 0.001 412990.306359 0.105954808696 0.40103390238 
14620.1887766 0.001 413361.696527 0.108542809775 0.411739587211 
14591.4178626 0.001 413782.892904 0.0835341479346 0.398607133679 
-----------MEAN OF SAMPLES-------------
14666.1690055 0.001 412896.856353 0.0904816698971 0.388337904288 
