Mean Noise Amplitude <length scales>
-----------ALL SAMPLES-------------
44352.5764168 0.001 645662.88278 0.267961301672 0.131815354372 
44464.1357652 0.001 646474.206146 0.272782764112 0.128904496365 
44387.2564593 0.001 646515.635639 0.27358175819 0.138366949065 
44650.6823355 0.001 646529.458221 0.267951436941 0.138198380198 
44529.2224551 0.001 647117.529434 0.267433661373 0.14093597923 
44759.59324 0.001 647241.428302 0.275941222675 0.139190517339 
44861.4994709 0.001 647323.413494 0.274179364106 0.138747313035 
44848.260115 0.001 647783.148898 0.273422097542 0.136493789594 
44607.8562768 0.001 647721.686333 0.267956154547 0.138398708839 
44618.5088425 0.001 647723.985433 0.268406162203 0.133277830234 
-----------MEAN OF SAMPLES-------------
44607.9591377 0.001 647009.337468 0.270961592336 0.136432931827 
