Mean Noise Amplitude <length scales>
-----------ALL SAMPLES-------------
42231.3887754 0.001 572436.779799 0.23857726346 0.0331277504344 
42068.8989113 0.001 572633.175695 0.239967070056 0.0422838259474 
42051.021869 0.001 573138.140413 0.238897011818 0.0247766989186 
41879.4291368 0.001 573305.894961 0.236199640401 0.0896901035508 
42319.3837157 0.001 573432.335747 0.236288085954 0.0899709712412 
42452.8444193 0.001 573433.502379 0.243185821951 0.0618065923704 
42450.8034363 0.001 573462.458421 0.243946425466 0.0322042622393 
42568.3216078 0.001 573819.827417 0.239664556014 0.0478541361371 
42651.7958673 0.001 573887.409146 0.239373423444 0.118090438884 
43089.4521976 0.001 574022.992051 0.240291864829 0.0477218524459 
-----------MEAN OF SAMPLES-------------
42376.3339936 0.001 573357.251603 0.239639116339 0.0587526632169 
