Mean Noise Amplitude <length scales>
-----------ALL SAMPLES-------------
9959.79357778 0.001 245259.444206 0.391350989316 0.13464152148 
10159.797568 0.001 246170.056155 0.440851600995 0.129099091939 
10071.3746297 0.001 246774.066765 0.510199326161 0.115878363087 
10484.6068351 0.001 246611.962008 0.441600130814 0.120577083512 
10290.3361668 0.001 246473.969254 0.443293836212 0.117805114103 
10197.8544758 0.001 246394.517691 0.45338713678 0.118729932358 
10276.2802871 0.001 245825.799618 0.408338992046 0.129693163572 
10180.8432897 0.001 245823.657257 0.45294971798 0.11481901692 
9794.57333737 0.001 245987.350497 0.453684201349 0.122616603955 
9617.2033101 0.001 246383.358187 0.403160910082 0.128382105123 
-----------MEAN OF SAMPLES-------------
10103.2663478 0.001 246170.418164 0.439881684174 0.123224199605 
