Mean Noise Amplitude <length scales>
-----------ALL SAMPLES-------------
-0.00870905176422 0.001 0.539270968375 0.844528089292 0.678553152411 0.563846985259 0.489136552897 0.289369161111 0.480713756254 
-0.0777963403625 0.001 0.418513789818 0.604788382168 0.76427152417 0.478105208683 0.48859161373 0.324412295989 0.356939626501 
-0.0862742215619 0.001 0.568938645468 1.03239094998 0.588527209902 0.604618426061 0.453850736763 0.337664907159 0.354297679129 
-0.0990262801283 0.001 0.594206797531 0.978927678796 0.545424541873 0.582068959565 0.462794206927 0.322041124374 0.38516640696 
-0.104343690504 0.001 0.602651601674 0.933801111653 0.556961095291 0.552120743057 0.449113052751 0.341870577719 0.544748365347 
-0.0932049630543 0.001 0.593049638804 0.75041193083 0.617716270916 0.499250595739 0.480105339192 0.315362058383 0.411193430567 
-0.112515949944 0.001 0.605558273082 0.882352812988 0.654830297816 0.561371077875 0.404558006194 0.361165738592 0.475125949227 
-0.0701586623303 0.001 0.581222123088 0.750299013686 0.630367699212 0.509216910493 0.442459966629 0.339372417163 0.398276616728 
-0.0989711804539 0.001 0.479241047981 0.645336406153 0.552940497784 0.482748938242 0.412846331126 0.358905387171 0.411273141343 
-0.0941417383488 0.001 0.453936793934 0.918166871826 0.574530665502 0.482446620715 0.369503664861 0.299759327487 0.395416519721 
-----------MEAN OF SAMPLES-------------
-0.0845142078452 0.001 0.543658967976 0.834100324737 0.616412295488 0.531579446569 0.445295947107 0.328992299515 0.421315149178 
