Mean Noise Amplitude <length scales>
-----------ALL SAMPLES-------------
14963.1733754 0.001 402860.162555 0.0723235101824 0.39072053179 
15479.8232942 0.001 403489.572826 0.091366786706 0.382381385527 
15378.5189548 0.001 403601.3494 0.0746400829994 0.389892840482 
15102.499845 0.001 403985.582886 0.092841579119 0.383791667112 
15155.5252116 0.001 404129.981136 0.060645441449 0.378100190489 
15208.5833567 0.001 404177.979501 0.110064912397 0.383068901764 
15373.7280521 0.001 403801.87792 0.101040179335 0.424851709858 
15646.5236392 0.001 404005.96244 0.0799847064733 0.398397370682 
15573.3123345 0.001 404022.9451 0.0902053480384 0.419102684536 
15298.1158176 0.001 404493.075752 0.0580229291246 0.418075335221 
-----------MEAN OF SAMPLES-------------
15317.9803881 0.001 403856.848951 0.0831135475825 0.396838261746 
