Mean Noise Amplitude <length scales>
-----------ALL SAMPLES-------------
44001.1611462 0.001 652924.462105 0.232197866417 0.0595155138252 
43428.2771637 0.001 653220.152296 0.239584914643 0.0940275284649 
43417.0195648 0.001 653316.248052 0.234741777361 0.0538619081236 
43617.0880894 0.001 653757.692535 0.232059491893 0.0760316140219 
43623.0375488 0.001 653782.362818 0.238783684663 0.0944097259567 
43664.5128755 0.001 654267.045821 0.229328368066 0.0828819065676 
43426.4750902 0.001 654798.118766 0.224093795785 0.0935147718245 
43148.7019775 0.001 655163.037691 0.227981524405 0.0666455209729 
43161.3324706 0.001 655401.429207 0.226590497698 0.0776509218897 
43280.2705333 0.001 655591.3674 0.232669468178 0.101188506611 
-----------MEAN OF SAMPLES-------------
43476.787646 0.001 654222.191669 0.231803138911 0.0799727918257 
