Mean Noise Amplitude <length scales>
-----------ALL SAMPLES-------------
-0.110751565148 0.001 0.420248293836 0.218489916646 0.426059224167 1.8944169956 0.290350350602 1.95002093711 0.249402276389 
-0.173817232525 0.001 0.338520948978 0.266643731949 0.404553729942 1.86312498172 0.36920684789 1.89752335238 0.283787537426 
-0.163168184224 0.001 0.315228166214 0.270178540937 0.340120690223 1.87344697831 0.335951489458 1.93282451614 0.24236467008 
-0.117491371162 0.001 0.335966069448 0.188723796779 0.323035271983 1.94085869854 0.306334348869 1.68756069041 0.316760507809 
-0.404632071915 0.001 0.284577708138 0.202354333102 0.247937506103 1.74941095629 0.290069598969 1.98488644832 0.182629969816 
-0.240747954312 0.001 0.34367579547 0.211805457458 0.423863937776 1.93795199969 0.262458567126 1.9469884505 0.207507313011 
-0.263128723011 0.001 0.379726258413 0.190272320493 0.272837060622 1.95240312796 0.296832273275 1.97151814668 0.241563021159 
-0.381915134042 0.001 0.48773990226 0.253738564771 0.349704566272 1.96179837923 0.300795392189 1.95852037511 0.277293951003 
-0.395111147716 0.001 0.424479068645 0.231147221872 0.314187536916 1.99238933041 0.288808100578 1.88734187179 0.235194616924 
-0.410784685474 0.001 0.381652570594 0.198514079672 0.370550472941 1.93849600479 0.322739847389 1.91375262993 0.3191623972 
-----------MEAN OF SAMPLES-------------
-0.266154806953 0.001 0.3711814782 0.223186796368 0.347284999695 1.91042974525 0.306354681634 1.91309374184 0.255566626082 
