Mean Noise Amplitude <length scales>
-----------ALL SAMPLES-------------
-0.788475711394 0.001 0.441085363588 0.267794263037 0.478518888855 1.81573630327 0.268315612221 1.91713398835 0.31243031505 
-0.731483711114 0.001 0.376716942687 0.181455913255 0.42770820968 1.81625685596 0.275755503546 1.88406565017 0.23053137563 
-0.735316623891 0.001 0.329959186046 0.20136163475 0.291229823524 1.94408719447 0.28016027593 1.99805910722 0.237509405225 
-0.725835572958 0.001 0.316760473125 0.21722549689 0.407997799113 1.95854872071 0.331216866183 1.97047966994 0.226419883656 
-0.437930923488 0.001 0.372462253988 0.240675911173 0.435001769666 1.97567850887 0.289522520108 1.88953950052 0.306417096441 
-0.0176513217606 0.001 0.400807000001 0.251529723642 0.380450979861 1.95746129838 0.335708348336 1.78116524295 0.25515222323 
-0.0649315973599 0.001 0.452545922829 0.224955136839 0.546882042 1.82051716112 0.338652151973 1.73097518864 0.332510989143 
-0.0645146179039 0.001 0.461223679784 0.231825350645 0.49727102556 1.89985054342 0.313054323565 1.6868288141 0.366881783193 
-0.0672171368508 0.001 0.449243446893 0.23369417942 0.477353758313 1.8794925611 0.250977992749 1.958473918 0.330448432734 
-0.0980412597252 0.001 0.436936454962 0.29589160932 0.27259658377 1.88766825385 0.31027149487 1.52718050463 0.248099929175 
-----------MEAN OF SAMPLES-------------
-0.373139847645 0.001 0.40377407239 0.234640921897 0.421501088034 1.89552974011 0.299363508948 1.83439015845 0.284640143348 
