Mean Noise Amplitude <length scales>
-----------ALL SAMPLES-------------
105297.521227 0.001 726415.100828 0.121769015807 0.827247680605 
104869.941253 0.001 726708.840428 0.119817327126 0.861295822333 
104896.756466 0.001 726740.765667 0.121564919555 0.867643166065 
104794.251372 0.001 726827.993885 0.119568715061 0.856252320107 
104929.990016 0.001 727625.922522 0.122003754413 0.862884565857 
104717.371598 0.001 727855.107396 0.122805576084 0.840307205319 
104740.778062 0.001 728018.480225 0.120449501297 0.83741623272 
104768.50657 0.001 728039.445747 0.121008768062 0.867690951248 
104736.524041 0.001 728110.5586 0.119812559141 0.865230413308 
105492.295248 0.001 728197.577709 0.120483878348 0.871098552831 
-----------MEAN OF SAMPLES-------------
104924.393585 0.001 727453.979301 0.120928401489 0.855706691039 
