Mean Noise Amplitude <length scales>
-----------ALL SAMPLES-------------
45825.8813913 0.001 362720.635584 0.0702917594964 1.29013920939 
45521.27458 0.001 363545.028365 0.0575170191729 1.25964465431 
45018.7065921 0.001 364316.278289 0.0548133566409 1.26125360247 
44959.6131407 0.001 364422.26621 0.0425234880528 1.27123567162 
45385.9341343 0.001 365245.446685 0.0562994643768 1.25279824587 
45573.5391905 0.001 365531.617415 0.0455287096984 1.27233344571 
45585.7697512 0.001 365523.509258 0.0564436906844 1.24776026717 
45555.2606339 0.001 365503.407563 0.0765575257821 1.2861179762 
45421.9602186 0.001 365738.706435 0.0764124590256 1.25957182008 
45646.6006484 0.001 365862.214918 0.0771315726685 1.29944065571 
-----------MEAN OF SAMPLES-------------
45449.4540281 0.001 364840.911072 0.0613519045599 1.27002955485 
