Mean Noise Amplitude <length scales>
-----------ALL SAMPLES-------------
45183.2976312 0.001 640244.251811 0.297284113903 0.116323408953 
45113.9554924 0.001 640129.536981 0.298338135731 0.108128324395 
44743.7503779 0.001 640409.57448 0.297061093214 0.11734074572 
44485.1257355 0.001 640251.685524 0.292802201118 0.118931697927 
44564.2798429 0.001 640216.032052 0.288436317655 0.11818415735 
44514.8310723 0.001 640366.406105 0.288751943283 0.110407917299 
44529.8423514 0.001 640322.251569 0.298536748284 0.111746786749 
44520.2977592 0.001 640804.501619 0.297677340424 0.124027668744 
44434.5770537 0.001 640561.402768 0.26815637517 0.120796375165 
44457.5157123 0.001 640636.577068 0.287192311038 0.110353863338 
-----------MEAN OF SAMPLES-------------
44654.7473029 0.001 640394.221998 0.291423657982 0.115624094564 
