Mean Noise Amplitude <length scales>
-----------ALL SAMPLES-------------
15659.0738636 0.001 276352.062069 0.606491463834 0.117090861827 
15326.1924013 0.001 276373.395328 0.547127164751 0.0478967185736 
15770.7172247 0.001 277093.27649 0.58743242366 0.12134464844 
15793.1906829 0.001 277061.389129 0.5872823169 0.0695018629336 
15602.4616596 0.001 276784.87565 0.589951794644 0.0603223962299 
15442.81719 0.001 276455.808676 0.592091014416 0.0844020250534 
15472.3186749 0.001 276490.892119 0.610307857482 0.10130772523 
15462.5635251 0.001 276489.980192 0.609453035679 0.103078905342 
15357.0432732 0.001 276323.320748 0.536529037886 0.101563162418 
15593.4691437 0.001 276467.663147 0.559683152246 0.0699431683673 
-----------MEAN OF SAMPLES-------------
15547.9847639 0.001 276589.266355 0.58263492615 0.0876451474414 
