Mean Noise Amplitude <length scales>
-----------ALL SAMPLES-------------
15450.8239332 0.001 273754.03404 0.561939709113 0.0516250635315 
15395.3590542 0.001 273561.650479 0.537339812341 0.107979566853 
15211.1154903 0.001 273570.30583 0.587448655517 0.0777500540533 
14773.9960804 0.001 274308.744836 0.530652015687 0.0742228410767 
14680.6048249 0.001 274606.908209 0.555219370835 0.0514196287015 
14542.4139371 0.001 274606.33592 0.5103715963 0.0762229855033 
14479.8916964 0.001 274800.248904 0.549464923287 0.0957683921692 
14786.9833353 0.001 274849.440266 0.541478976665 0.0887941610002 
14576.2854401 0.001 274996.252635 0.553335753229 0.048444102121 
14844.9848692 0.001 275014.566123 0.555791693326 0.0797676708454 
-----------MEAN OF SAMPLES-------------
14874.2458661 0.001 274406.848724 0.54830425063 0.0751994465855 
