Mean Noise Amplitude <length scales>
-----------ALL SAMPLES-------------
10630.2928542 0.001 224273.580598 0.137543992033 0.35882444077 
11045.6429951 0.001 224963.354338 0.106015805939 0.347631475706 
11233.3499497 0.001 225212.472205 0.117567539928 0.372906829578 
10871.2430383 0.001 225593.218007 0.0994153440483 0.36619277163 
10891.7004729 0.001 225579.120703 0.100516291387 0.324650003074 
10961.3522246 0.001 226424.327981 0.111356739047 0.363515741696 
11015.9147284 0.001 226686.060235 0.100664671545 0.352500681794 
10614.9174929 0.001 227200.012232 0.0993383166638 0.364116350142 
10420.0628511 0.001 227286.201984 0.111898403851 0.371750731009 
10319.7465567 0.001 227258.801071 0.113445230235 0.365369032228 
-----------MEAN OF SAMPLES-------------
10800.4223164 0.001 226047.714935 0.109776233468 0.358745805763 
