Mean Noise Amplitude <length scales>
-----------ALL SAMPLES-------------
15333.3488852 0.001 402962.084464 0.618828601582 0.0694688512924 
15114.0568075 0.001 403157.818336 0.551746701455 0.0856185306029 
15530.246508 0.001 403378.066785 0.579755801588 0.121012166531 
15412.6277319 0.001 403508.584712 0.590738056052 0.0731060317777 
15172.5679688 0.001 403869.038973 0.68250963178 0.0923023246682 
14960.137615 0.001 403846.179751 0.470325317616 0.0816670431702 
15355.6345052 0.001 404291.220615 0.858066363084 0.0878271964143 
15324.4765338 0.001 404166.784443 0.639516774456 0.10686647826 
14682.1229938 0.001 404459.162684 0.502984355459 0.104492311776 
14626.6784966 0.001 404474.646327 0.558081889022 0.0751577888476 
-----------MEAN OF SAMPLES-------------
15151.1898046 0.001 403811.358709 0.605255349209 0.089751872334 
