Mean Noise Amplitude <length scales>
-----------ALL SAMPLES-------------
9784.54780952 0.001 262132.607255 0.642195600014 0.120848256968 
10189.5239825 0.001 262331.269456 0.626352260647 0.123445307456 
9933.17715382 0.001 262855.477873 0.653907912727 0.132653956769 
9800.93214282 0.001 262967.062991 0.617618926694 0.107779916629 
10021.7372871 0.001 262942.122386 0.637656077459 0.122799323562 
10297.9022266 0.001 263040.465544 0.622495247618 0.11931573715 
10355.3515207 0.001 263151.000472 0.650617396953 0.115323724654 
9479.88830236 0.001 263291.008366 0.649135325664 0.115596480797 
9641.75590214 0.001 263167.327289 0.611976967336 0.119586725357 
9845.84040957 0.001 263020.457932 0.598795846101 0.11958221485 
-----------MEAN OF SAMPLES-------------
9935.06567371 0.001 262889.879956 0.631075156121 0.119693164419 
