Mean Noise Amplitude <length scales>
-----------ALL SAMPLES-------------
-0.376691153525 0.001 0.381672331265 0.506914051507 0.583937143591 0.560805045188 0.342491077643 0.231334945321 0.258420649907 
-0.125748137873 0.001 0.247285046894 0.540093900103 0.64015662807 0.648321869955 0.323536585113 0.254975427004 0.405842049436 
-0.158141020413 0.001 0.2624792886 0.442307207172 0.554573874526 0.498804112178 0.315109132469 0.25965833515 0.340631777966 
-0.157572903613 0.001 0.266954885723 0.468480265744 0.520729502458 0.621136854652 0.249064936687 0.160449081037 0.31091300711 
-0.156119572297 0.001 0.283948192392 0.372846467376 0.549204967306 0.645204209931 0.285589163859 0.168961187351 0.255969053872 
-0.0906733568935 0.001 0.351156395369 0.383792245735 0.418234496252 0.739269498183 0.365696084068 0.15462490363 0.348472494607 
-0.133072822016 0.001 0.371537125023 0.655259409526 0.573916471925 0.522716191278 0.264476953322 0.21820074627 0.38972253576 
-0.00493775477863 0.001 0.54140206077 0.485764863312 0.548925124316 0.619494234689 0.465862330042 0.260246723076 0.383647381406 
-0.15225076358 0.001 0.539419585602 0.666107008055 0.660591270238 0.83088386783 0.343334024259 0.268570040534 0.443246846318 
-0.122803637462 0.001 0.529717770949 0.560992042807 0.590797938041 0.811613683485 0.417593298219 0.218774240325 0.331222536897 
-----------MEAN OF SAMPLES-------------
-0.147801112245 0.001 0.377557268259 0.508255746134 0.564106741672 0.649824956737 0.337275358568 0.21957956297 0.346808833328 
