Mean Noise Amplitude <length scales>
-----------ALL SAMPLES-------------
44396.3295721 0.001 651246.890337 0.23782570182 0.104848000327 
45177.8299597 0.001 651865.520508 0.24693488264 0.104904947779 
45331.8824751 0.001 651821.279238 0.248738541567 0.107768863188 
45335.420081 0.001 651822.420338 0.263757425956 0.097003982473 
45435.9106045 0.001 651956.443996 0.257878589867 0.103270156105 
45344.2058179 0.001 651865.288003 0.248548035709 0.114031039158 
45334.9702031 0.001 651630.842995 0.250792399487 0.0957418672187 
45143.7764479 0.001 651336.465475 0.254432757087 0.0941076683339 
45140.9874038 0.001 651365.273644 0.248450652503 0.108607956377 
44586.4066067 0.001 651399.699677 0.24761652582 0.106706058085 
-----------MEAN OF SAMPLES-------------
45122.7719172 0.001 651631.012421 0.250497551246 0.103699053905 
