Mean Noise Amplitude <length scales>
-----------ALL SAMPLES-------------
48899.7806337 0.001 401842.2732 0.269959113784 0.0155159771255 
48880.9010727 0.001 402309.063206 0.270611555512 0.0166005631036 
48926.3812865 0.001 402520.79025 0.266519148985 0.0197617117211 
48729.9456936 0.001 402715.053191 0.265382465893 0.0204212323141 
48810.1011978 0.001 403027.638083 0.265977946961 0.0235987824447 
48992.7338111 0.001 403517.707024 0.268538513233 0.020598964308 
49287.2951207 0.001 403720.968228 0.269901617479 0.0191999433527 
49373.8412905 0.001 403779.067301 0.266557508743 0.016612023736 
49644.412901 0.001 403867.040177 0.269459418718 0.0200748071006 
49649.2882702 0.001 403863.855853 0.268104769715 0.0138031837091 
-----------MEAN OF SAMPLES-------------
49119.4681278 0.001 403116.345651 0.268101205902 0.0186187188915 
