Mean Noise Amplitude <length scales>
-----------ALL SAMPLES-------------
10271.7928275 0.001 234472.86231 0.113360326749 0.354948597939 
10273.3849966 0.001 234475.08783 0.117563978206 0.345924798607 
10164.9976422 0.001 234533.207381 0.110413594585 0.35581932287 
10159.0698295 0.001 234518.746285 0.117618233318 0.37613926045 
10701.270286 0.001 235174.613064 0.118848219948 0.361154822679 
10599.9107315 0.001 234991.016182 0.114112581848 0.362244417272 
10496.2574406 0.001 234783.9585 0.120430685699 0.353430210969 
10859.0645708 0.001 234662.039769 0.100695685271 0.372631679875 
11277.5177176 0.001 235271.710745 0.0976693131132 0.366518644489 
11088.776894 0.001 235421.254519 0.11464560364 0.36013066037 
-----------MEAN OF SAMPLES-------------
10589.2042936 0.001 234830.449658 0.112535822238 0.360894241552 
