Mean Noise Amplitude <length scales>
-----------ALL SAMPLES-------------
14798.4833417 0.001 269274.783799 0.548637455476 0.0810745842355 
14801.7465584 0.001 269275.427395 0.53626178198 0.0981894298204 
14699.0582682 0.001 269310.863282 0.57294526045 0.108530637366 
15356.6570705 0.001 268944.384878 0.563642710786 0.0568959458917 
15480.7751886 0.001 268624.6542 0.569698548905 0.0572533571708 
14994.0867103 0.001 268435.931131 0.557307387838 0.0936023897495 
15458.7932585 0.001 268833.896714 0.592773303433 0.0869017549855 
15418.6320987 0.001 268789.762003 0.6077428739 0.0677950807113 
15422.4641743 0.001 268775.147492 0.555272062608 0.06967825903 
15638.7631291 0.001 269179.946758 0.601885728099 0.0999063632263 
-----------MEAN OF SAMPLES-------------
15206.9459798 0.001 268944.479765 0.570616711347 0.0819827802187 
