Mean Noise Amplitude <length scales>
-----------ALL SAMPLES-------------
43910.2732496 0.001 591938.705953 0.238299400963 0.090903556458 
44637.4467344 0.001 592380.119128 0.241413990289 0.0868990796637 
44917.4691055 0.001 592433.947355 0.241017203574 0.102453109117 
44900.5516911 0.001 592376.592017 0.238637324626 0.0966522237744 
44878.9935731 0.001 592382.898747 0.240032160366 0.0932476086201 
44787.9685013 0.001 592448.630104 0.233603183822 0.0843872674702 
45013.9429164 0.001 592777.732527 0.241909157406 0.0905739390563 
45396.9345549 0.001 593299.867749 0.237247937996 0.093091033009 
44799.8494541 0.001 593339.940572 0.235727968148 0.100220501002 
44782.311545 0.001 593586.404578 0.231058341676 0.100435211462 
-----------MEAN OF SAMPLES-------------
44802.5741325 0.001 592696.483873 0.237894666887 0.0938863529633 
