Mean Noise Amplitude <length scales>
-----------ALL SAMPLES-------------
10506.510985 0.001 251655.386391 0.662853036712 0.12670125313 
10765.2599664 0.001 251618.284868 0.49249340359 0.136432410238 
10540.2233283 0.001 251621.14148 0.64131019945 0.126566905795 
10626.8449297 0.001 251862.62504 0.597685776388 0.130922403657 
10518.0118144 0.001 252006.722152 0.557919444023 0.133201081933 
9963.13220415 0.001 252334.675181 0.587092545836 0.110537008113 
10075.0216783 0.001 252461.789701 0.641023561343 0.113015518401 
10371.7816782 0.001 252279.262675 0.551527625433 0.132921859599 
10628.4071096 0.001 252453.764792 0.543680356226 0.133803244821 
10600.9360444 0.001 252428.442072 0.623976934852 0.128111914408 
-----------MEAN OF SAMPLES-------------
10459.6129738 0.001 252072.209435 0.589956288385 0.127221360009 
