Mean Noise Amplitude <length scales>
-----------ALL SAMPLES-------------
44761.9779614 0.001 556505.981826 0.23663288906 0.0827621890724 
44773.6356269 0.001 556551.69716 0.228206384521 0.0682032856128 
44683.9438617 0.001 556735.50545 0.227113160128 0.0826781071409 
44563.8001654 0.001 557206.686894 0.230304631332 0.0838222754364 
43849.6464297 0.001 557100.407591 0.238019854572 0.0791232298514 
43948.1253832 0.001 557084.111949 0.234245596593 0.0753358963897 
43907.2426058 0.001 557210.604753 0.22352529986 0.08901366077 
43987.6301975 0.001 557278.146098 0.230359675441 0.0898720920619 
43908.489464 0.001 558237.060718 0.225868194964 0.0789087325496 
43797.2937874 0.001 558317.588677 0.230672031203 0.0700831987985 
-----------MEAN OF SAMPLES-------------
44218.1785483 0.001 557222.779112 0.230494771767 0.0799802667684 
