Mean Noise Amplitude <length scales>
-----------ALL SAMPLES-------------
10640.1021461 0.001 248290.359393 0.482541812016 0.123448108223 
10495.653426 0.001 248674.460646 0.515203931826 0.119059297414 
10395.8287976 0.001 248772.017418 0.540419238728 0.122650648438 
10260.0050509 0.001 248781.438101 0.573081232152 0.124074061821 
10337.4383038 0.001 248782.086904 0.462460997605 0.128709665937 
10303.1479481 0.001 248839.8713 0.497869573369 0.129671757395 
10274.552714 0.001 248883.800472 0.519185538328 0.115905743844 
9895.60118862 0.001 249628.653281 0.610471496603 0.120766136108 
10038.0829123 0.001 249956.175376 0.625922869359 0.113281462322 
10333.5890199 0.001 250170.334123 0.622637949396 0.115266849807 
-----------MEAN OF SAMPLES-------------
10297.4001507 0.001 249077.919701 0.544979463938 0.121283373131 
