Mean Noise Amplitude <length scales>
-----------ALL SAMPLES-------------
44095.695623 0.001 389354.076315 0.0735184056335 1.31686202193 
44643.2628306 0.001 390148.97164 0.0700850631524 1.28103437609 
44575.2118895 0.001 390225.748072 0.0766634315416 1.26787736967 
44472.7616175 0.001 390227.410484 0.0701957379986 1.24110776874 
44409.4399529 0.001 390277.873399 0.0419231682132 1.26817764307 
44721.3313259 0.001 390466.70507 0.066223466877 1.24763679097 
44776.944173 0.001 390584.250699 0.057183686752 1.24687051288 
45016.0049229 0.001 390603.063384 0.0551985363467 1.28808306719 
45794.8336699 0.001 390967.794673 0.0486220673014 1.28802122484 
46249.6495194 0.001 391726.061161 0.0546732213512 1.28078053641 
-----------MEAN OF SAMPLES-------------
44875.5135525 0.001 390458.19549 0.0614286785167 1.27264513118 
