Mean Noise Amplitude <length scales>
-----------ALL SAMPLES-------------
14455.8556182 0.001 399347.323892 0.0951687631129 0.347295961133 
15123.6063989 0.001 399797.505344 0.104529460368 0.355919425189 
15654.0314052 0.001 400067.724948 0.0867846888366 0.421585070453 
15646.6000333 0.001 400074.652559 0.0906726348593 0.357155370908 
14775.8456112 0.001 400366.174268 0.053041325985 0.411701808122 
14939.1301579 0.001 400678.718629 0.0998385102059 0.40743441485 
14838.6313481 0.001 400519.687883 0.092620214196 0.410063319737 
15288.32652 0.001 400848.225439 0.10534013535 0.405327379826 
15000.5796306 0.001 400727.946295 0.113287847753 0.381050476186 
15266.145408 0.001 400372.450265 0.099150628355 0.374281314918 
-----------MEAN OF SAMPLES-------------
15098.8752132 0.001 400280.040952 0.0940434209022 0.387181454132 
