Mean Noise Amplitude <length scales>
-----------ALL SAMPLES-------------
15284.394419 0.001 391995.468341 0.119203456331 0.378896920652 
15284.3919926 0.001 392015.702811 0.0446522995483 0.383450088543 
15242.9583457 0.001 392063.03514 0.0391399662298 0.4149922795 
15517.7728087 0.001 392281.681231 0.0837004170753 0.40596944882 
14942.1256949 0.001 392386.985452 0.108761108077 0.412767447941 
15021.2233535 0.001 392396.665678 0.0499686233862 0.397743832469 
14976.3752155 0.001 392659.652722 0.0875802164625 0.394677706709 
14830.3427295 0.001 392979.612668 0.0879820709549 0.408990135505 
15075.5704839 0.001 392774.715709 0.0870928608319 0.415149482727 
14905.1883858 0.001 392858.860087 0.0949994884557 0.393473886961 
-----------MEAN OF SAMPLES-------------
15108.0343429 0.001 392441.237984 0.0803080507352 0.400611122983 
