Mean Noise Amplitude <length scales>
-----------ALL SAMPLES-------------
-0.498132197223 0.001 0.351095884306 0.281189694843 0.42569209585 1.95411815496 0.32250984584 1.45673074487 0.304040222482 
-0.59990594622 0.001 0.488887644052 0.344942043108 0.421266483305 1.9422880484 0.346705608799 1.82687647081 0.215654835432 
-0.537289277851 0.001 0.390777963386 0.152064814408 0.335518997287 1.9988065718 0.27342613145 1.91604791691 0.25536686213 
-0.373890695812 0.001 0.398622442493 0.431896342145 0.280490963581 1.9310315334 0.352753188013 1.96320782191 0.278052543238 
-0.374370231982 0.001 0.384205929411 0.159269188476 0.346484923001 1.93857674045 0.254019481781 1.77274159094 0.333214782715 
-0.439201601883 0.001 0.335754770967 0.374180426829 0.346076237001 1.88621354782 0.283653570232 1.78160439086 0.255109945045 
-0.203661264228 0.001 0.320696526386 0.205176828106 0.32590053538 1.81549503892 0.261331895873 1.76110324395 0.250869212137 
-0.250458690923 0.001 0.364589983387 0.27080525681 0.324011959172 1.84051434483 0.283576217624 1.84339401729 0.244249723077 
-0.25230092716 0.001 0.352718790501 0.252796440475 0.337174457744 1.98310286752 0.392142728995 1.25345935665 0.318028345616 
-0.0263443088211 0.001 0.428454706901 0.321991517706 0.401222459733 1.99206912562 0.257242872964 1.92848468031 0.309545097755 
-----------MEAN OF SAMPLES-------------
-0.35555551421 0.001 0.381580464179 0.27943125529 0.354383911205 1.92822159737 0.302736154157 1.75036502345 0.276413156963 
