Mean Noise Amplitude <length scales>
-----------ALL SAMPLES-------------
41621.8417108 0.001 686794.807779 0.203468138488 0.155787102394 
41778.7048259 0.001 687379.699583 0.195756550451 0.15101393434 
41775.7960301 0.001 687403.437877 0.199904515486 0.156448495542 
41694.4662364 0.001 687506.090825 0.197790946117 0.145260135617 
41900.924466 0.001 687663.170639 0.198356493225 0.151182238368 
41955.6474178 0.001 687868.205107 0.198633104996 0.152282820066 
42128.2908166 0.001 687685.149335 0.189873895988 0.139495450431 
42369.6893219 0.001 687562.831085 0.204369276274 0.170876502821 
41708.4839867 0.001 687674.394604 0.185819937972 0.136104182836 
41885.7601309 0.001 687983.586665 0.197343278308 0.149084097716 
-----------MEAN OF SAMPLES-------------
41881.9604943 0.001 687552.13735 0.197131613731 0.150753496013 
