Mean Noise Amplitude <length scales>
-----------ALL SAMPLES-------------
-0.450141607588 0.001 0.577413013946 0.51776940596 0.570468550803 0.68101231576 0.466630023975 0.305187089884 0.243588541779 
-0.369891609537 0.001 0.389096371802 0.553863658985 0.540464934882 0.596701454468 0.220598196542 0.240686697639 0.395595137359 
-0.297884220002 0.001 0.276647133436 0.528522132033 0.448304977504 0.673026158673 0.391410311399 0.220566715175 0.285599140669 
-0.431769612931 0.001 0.406680613777 0.646759485916 0.691610440081 0.585856282745 0.316349763785 0.299048020548 0.405033263656 
-0.524558831326 0.001 0.554979221792 0.554375063746 0.538154403784 0.819247754543 0.315602725922 0.295406164941 0.348356420924 
-0.525299682315 0.001 0.554279104334 0.658344068426 0.570051322963 0.811184904625 0.405280722534 0.247463231719 0.427024624197 
-0.53735044106 0.001 0.625679986348 0.473273159477 0.72736906518 0.666291745722 0.341735177071 0.243012857083 0.546038826008 
-0.262517104163 0.001 0.444886113822 0.5031885297 0.506583418587 0.701004631143 0.211500867127 0.27521824011 0.570556007391 
-0.250963666613 0.001 0.461323871366 0.746840920356 0.709186674586 0.687069794988 0.216578563462 0.314956849864 0.480031724425 
-0.227668597931 0.001 0.456532812796 0.803897441426 0.737490533813 0.610628462455 0.412613249424 0.279877250308 0.4709855992 
-----------MEAN OF SAMPLES-------------
-0.387804537346 0.001 0.474751824342 0.598683386602 0.603968432218 0.683202350512 0.329829960124 0.272142311727 0.417280928561 
