Mean Noise Amplitude <length scales>
-----------ALL SAMPLES-------------
103740.501852 0.001 356145.658143 0.140913757504 0.649616884145 
104472.644712 0.001 356144.677374 0.141085439138 0.648199111266 
103861.03152 0.001 356820.767658 0.140690545142 0.645492723372 
103630.307742 0.001 356976.134968 0.139703055638 0.653800975699 
103463.778412 0.001 357619.046443 0.140383096098 0.647546497673 
102753.918969 0.001 358059.490303 0.139875910368 0.648717434537 
103504.82071 0.001 358146.141209 0.140144531097 0.649941266913 
103494.705358 0.001 358188.239305 0.140328641896 0.650152090826 
103486.895546 0.001 358209.830678 0.139865573703 0.649309817749 
104096.188287 0.001 358517.55274 0.141402923041 0.651517383603 
-----------MEAN OF SAMPLES-------------
103650.479311 0.001 357482.753882 0.140439347362 0.649429418578 
