Mean Noise Amplitude <length scales>
-----------ALL SAMPLES-------------
45099.1727501 0.001 581734.623784 0.0472830831001 1.21114963791 
44841.5379313 0.001 582596.411401 0.0709177244572 1.22614904419 
44765.8865769 0.001 582573.914808 0.0620070677818 1.2371166447 
44964.468377 0.001 582322.248068 0.0658102021264 1.22206634988 
45109.7756243 0.001 582461.244683 0.0702984684322 1.22251214753 
44851.6595526 0.001 582506.732001 0.0644392140287 1.24718068299 
44855.2964306 0.001 582507.721903 0.0539496384459 1.16437344678 
44468.1236957 0.001 582976.089741 0.0520715989696 1.18090975091 
44296.8802366 0.001 582947.633423 0.0499934364849 1.18370712909 
44311.7332126 0.001 582891.675729 0.0499032195639 1.20514601519 
-----------MEAN OF SAMPLES-------------
44756.4534388 0.001 582551.829554 0.0586673653391 1.21003108492 
