Mean Noise Amplitude <length scales>
-----------ALL SAMPLES-------------
-0.147494655536 0.001 0.544165821966 0.722117083095 0.881280897772 0.800585909086 0.383504120025 0.353919303721 0.510722779545 
-0.144221703569 0.001 0.540887462571 0.57582167149 0.653345699754 0.948689930642 0.338801414692 0.326607444121 0.34939797206 
-0.312306409827 0.001 0.39976430623 0.730600748187 0.70507688445 0.960891055552 0.341639370547 0.297193375352 0.43118550451 
-0.340154650211 0.001 0.427251082984 0.560160721418 0.5141274619 0.657283228701 0.428572714251 0.256049295118 0.38121137281 
-0.391286900011 0.001 0.354231096307 0.500559256117 0.652626682975 0.708235987609 0.374723655205 0.325312007654 0.376389083855 
-0.36187763805 0.001 0.389685257854 0.51699771162 0.482444845782 0.656033093496 0.308415596756 0.285579858692 0.419829746621 
-0.347730449347 0.001 0.361494426404 0.670770372991 0.520363970598 0.769211401761 0.373620944508 0.26537420568 0.36231137372 
-0.366008889161 0.001 0.376490231726 0.494750102456 0.569728324049 0.678550362456 0.30411578796 0.291521803616 0.433918380774 
-0.163704103763 0.001 0.236123838941 0.546936990721 0.592045172384 0.646842577105 0.349613140962 0.270034448711 0.309644351764 
-0.242075407037 0.001 0.307734856936 0.494454751109 0.605613635471 0.613429342908 0.364182729584 0.249857131329 0.333280085746 
-----------MEAN OF SAMPLES-------------
-0.281686080651 0.001 0.393782838192 0.58131694092 0.617665357514 0.743975288932 0.356718947449 0.292144887399 0.39078906514 
