Mean Noise Amplitude <length scales>
-----------ALL SAMPLES-------------
10742.5113589 0.001 225401.096326 0.115908261471 0.418293711445 
10758.7918477 0.001 225660.843668 0.109962488517 0.409238216577 
10922.0984737 0.001 225485.250395 0.102291999726 0.421270841905 
10906.2932902 0.001 225495.158329 0.110005728712 0.41743992984 
10641.1542098 0.001 225509.894454 0.133464546444 0.375275691225 
10622.9766632 0.001 225810.207758 0.12920173475 0.378012857767 
10932.1934554 0.001 226190.766581 0.110136106088 0.377577599948 
10890.8772548 0.001 226550.472659 0.130858537313 0.424455030799 
10516.9674586 0.001 226433.638899 0.116880250668 0.40141505422 
10721.8015603 0.001 226689.22212 0.119757553026 0.390233701129 
-----------MEAN OF SAMPLES-------------
10765.5665573 0.001 225922.655119 0.117846720671 0.401321263486 
