Mean Noise Amplitude <length scales>
-----------ALL SAMPLES-------------
15102.4849935 0.001 277421.741178 0.0590838569373 0.412066831879 
15289.5947911 0.001 277437.492409 0.0458108151115 0.419205075131 
15301.2054383 0.001 277417.220985 0.0661684614178 0.396951795334 
15317.4966684 0.001 277465.132938 0.0939674638845 0.416820518138 
15600.9944881 0.001 278155.400602 0.0927057586743 0.409294895469 
15610.9709212 0.001 278450.607175 0.0798245968113 0.404035051913 
15436.3100803 0.001 278401.379328 0.0981672338733 0.380048943235 
15475.3851305 0.001 278373.152981 0.0723316501131 0.389205618848 
15433.6154599 0.001 278389.309677 0.0709843788485 0.39262137789 
14797.925234 0.001 278783.681371 0.0854347130058 0.398564979488 
-----------MEAN OF SAMPLES-------------
15336.5983205 0.001 278029.511864 0.0764478928677 0.401881508732 
