Mean Noise Amplitude <length scales>
-----------ALL SAMPLES-------------
-0.101536304301 0.001 0.317695460988 0.424849130558 0.583177980874 0.580722449221 0.321156457325 0.220745346113 0.48448425689 
-0.367759177003 0.001 0.342653715838 0.452418400825 0.677459716872 0.71562888007 0.335779475241 0.214564341992 0.308205899259 
-0.0869660976488 0.001 0.268185946501 0.446765535324 0.476640194826 0.58899699925 0.356034695394 0.29017367505 0.307995245966 
-0.0466344362281 0.001 0.272278582377 0.559804788462 0.558151820001 0.827662371219 0.346154364979 0.308828536797 0.338779994369 
-0.00973172190822 0.001 0.33919863238 0.624483471823 0.580247953096 0.646259203889 0.360889244789 0.292903598388 0.348558149524 
-0.0038705686339 0.001 0.3483383963 0.706658877152 0.595973800386 0.800567151768 0.369440848608 0.3109165356 0.421639812409 
-0.0300856518925 0.001 0.337786594067 0.712597764917 0.469093750246 0.622695550594 0.348007960658 0.277390819633 0.331289701131 
-0.031691584624 0.001 0.336655364542 0.581445343778 0.520608525841 0.789443974808 0.246506113259 0.222437990071 0.412515339479 
-0.0723712481851 0.001 0.377676491487 0.497952762992 0.588124799826 0.480078287866 0.380046422416 0.142998550987 0.379657798331 
-0.0779368234713 0.001 0.384755330644 0.592356570877 0.468372872797 0.887884164165 0.366994847139 0.218639445297 0.473076884445 
-----------MEAN OF SAMPLES-------------
-0.0828583613895 0.001 0.332522451512 0.559933264671 0.551785141476 0.693993903285 0.343101042981 0.249959883993 0.38062030818 
