Mean Noise Amplitude <length scales>
-----------ALL SAMPLES-------------
39485.8316367 0.001 675856.393026 0.146557756749 0.336359053613 
39510.2092289 0.001 675693.19555 0.143695992362 0.314302490659 
39353.9043791 0.001 675871.238624 0.140878931709 0.31409219012 
39868.5644054 0.001 675496.879213 0.141128861533 0.320438974361 
39911.7130329 0.001 675399.478182 0.155979638072 0.313241313429 
39889.447478 0.001 675351.722647 0.141548987808 0.337381580057 
40309.4968269 0.001 675499.204025 0.140545350975 0.326423571134 
40711.7033654 0.001 675458.761326 0.144697001151 0.322024061695 
40742.8036412 0.001 675459.068865 0.155175105622 0.318272542813 
40720.7456133 0.001 676157.464468 0.143741227215 0.323801193928 
-----------MEAN OF SAMPLES-------------
40050.4419608 0.001 675624.340593 0.14539488532 0.322633697181 
