Mean Noise Amplitude <length scales>
-----------ALL SAMPLES-------------
-0.0866634955426 0.001 0.292306442711 0.530872206087 0.677796593498 0.762091466561 0.313732260045 0.272035120691 0.369678141027 
-0.517402944119 0.001 0.459406116142 0.676823978779 0.610113189453 0.711101281398 0.451521201392 0.306531895212 0.397479496828 
-0.496662524875 0.001 0.59471905367 0.677303499947 0.642709779089 0.760528335724 0.406058158851 0.290667355695 0.422626300397 
-0.0478657939108 0.001 0.759793535672 0.728636617413 0.828903764039 0.792391208937 0.464551785833 0.344367410814 0.547472403696 
-0.104729702681 0.001 0.713999394045 0.672963589816 0.793865739304 0.493303585753 0.386382393405 0.28901898355 0.434605209644 
-0.0756424144571 0.001 0.697937344627 0.557563343686 0.873997788989 0.74130214077 0.433264917784 0.310943995049 0.543123795375 
-0.123096580144 0.001 0.617882311184 0.719576607759 0.558475387919 0.744649371683 0.372784492395 0.339306972873 0.494407384717 
-0.0654931718812 0.001 0.459074321999 0.493120165573 0.721719648488 0.684413778212 0.367657575989 0.255819915626 0.41918705669 
-0.126978629012 0.001 0.585739410969 0.71733229866 0.624993280841 0.780488169795 0.348059744211 0.308857253515 0.405232928803 
-0.117182608037 0.001 0.563293209794 0.726021660482 0.70931740257 0.655022006104 0.467603918334 0.306222294433 0.450247665627 
-----------MEAN OF SAMPLES-------------
-0.176171786466 0.001 0.574415114081 0.65002139682 0.704189257419 0.712529134494 0.401161644824 0.302377119746 0.44840603828 
