Mean Noise Amplitude <length scales>
-----------ALL SAMPLES-------------
43216.3336297 0.001 665430.842386 0.233083221214 0.156417788234 
43244.9147611 0.001 665443.628589 0.239216288989 0.151633840387 
43519.7736652 0.001 665750.326979 0.238447381009 0.154298823401 
43510.1833455 0.001 665789.310068 0.233067447725 0.151805648338 
44177.0550961 0.001 666287.520442 0.237291544041 0.156396193183 
43477.3150821 0.001 666594.27221 0.236621169959 0.163084222878 
43588.6942616 0.001 666954.819521 0.236914631013 0.160148199993 
43649.1970161 0.001 667289.787268 0.235465521633 0.149293542981 
43837.326405 0.001 667862.612507 0.238182637441 0.149818103613 
43801.0835743 0.001 668281.265454 0.234749106239 0.148927331349 
-----------MEAN OF SAMPLES-------------
43602.1876837 0.001 666568.438542 0.236303894926 0.154182369436 
