Mean Noise Amplitude <length scales>
-----------ALL SAMPLES-------------
-0.252193251941 0.001 0.727986507811 0.873823311717 0.578816740641 0.754452589588 0.325809491739 0.30060044843 0.458292205007 
-0.0445868636162 0.001 0.73432573766 1.02532156926 0.641412237322 0.805379113074 0.546716020719 0.299907173274 0.469538196583 
-0.0739362547344 0.001 0.746469719529 0.881736920504 0.81939919135 0.836171235855 0.364528419464 0.320654772964 0.519070688947 
-0.209587483388 0.001 0.817316027607 0.782255731893 0.564992260124 0.808497641755 0.492441897719 0.365018284074 0.448618607819 
-0.185712419802 0.001 1.09321292752 1.18473985976 0.712575996231 0.885504696735 0.485233959973 0.363059912836 0.397978820008 
-0.335094860703 0.001 0.977415904263 1.15083535957 0.661958282464 0.693917000612 0.389474693862 0.297373563446 0.447815231246 
-0.404034991025 0.001 0.983045685319 0.937079917916 0.693836927434 0.69534279352 0.448838574209 0.267669982059 0.513811041339 
-0.403514040485 0.001 0.918843032053 0.950985804885 0.746017559463 0.886380471173 0.545960743687 0.462427970821 0.494935419281 
-0.4497084329 0.001 0.992794160034 0.847983740279 0.558712539742 0.882388531444 0.335562713799 0.461962364699 0.576704770657 
-0.447736450248 0.001 0.991119491584 0.959131952928 0.572581492039 0.651355558441 0.390888366136 0.253903218867 0.324550146397 
-----------MEAN OF SAMPLES-------------
-0.280610504884 0.001 0.898252919338 0.959389416871 0.655030322681 0.78993896322 0.432545488131 0.339257769147 0.465131512728 
