Mean Noise Amplitude <length scales>
-----------ALL SAMPLES-------------
14735.0501631 0.001 264187.847146 0.518672320978 0.0911042297665 
14721.9223862 0.001 264023.932792 0.572450890638 0.086232613857 
14932.2393407 0.001 264301.552336 0.53982214627 0.0636779492651 
14934.5779017 0.001 264311.437747 0.564294265424 0.0752163912347 
15361.708907 0.001 264783.400987 0.531551323468 0.0906148001197 
14979.0285446 0.001 264477.83761 0.561079797229 0.0946026710667 
14859.7662318 0.001 264535.87831 0.55234381391 0.0550983680264 
15178.2493938 0.001 264356.436966 0.558411414679 0.0591222506583 
15289.2074644 0.001 264515.927739 0.573171803109 0.074735084232 
14784.5412227 0.001 264546.058574 0.550839542387 0.0657862345552 
-----------MEAN OF SAMPLES-------------
14977.6291556 0.001 264404.031021 0.552263731809 0.0756190592781 
