Mean Noise Amplitude <length scales>
-----------ALL SAMPLES-------------
-0.118956902786 0.001 0.343606991178 0.475344216438 0.749124310367 0.853488307995 0.362295851719 0.2451429511 0.407306691018 
-0.173033983667 0.001 0.379864101147 0.655046862786 0.644950688727 0.56382644666 0.36176789622 0.273257997574 0.422296299154 
-0.175106751238 0.001 0.393731985952 0.636366071399 0.742805636614 0.624810739367 0.285184187899 0.29698454282 0.429555725346 
-0.036604197966 0.001 0.389382104711 0.49051527238 0.812471639164 0.622291110126 0.449785204119 0.288324130737 0.318947758038 
-0.0328129321755 0.001 0.435976609141 0.654661464973 0.712098087187 0.747483314802 0.346995926657 0.238777961257 0.374741182892 
-0.175072444522 0.001 0.330810128121 0.624382741248 0.627471768189 0.796922192139 0.325131361978 0.20463980638 0.334490822806 
-0.123563723472 0.001 0.388927114506 0.584416387632 0.423701502595 0.71818227744 0.37890113795 0.291992890838 0.331439009563 
-0.13885264638 0.001 0.406018664728 0.607607722661 0.735050891071 0.837375534711 0.413552672789 0.288943713441 0.375220230956 
-0.186840291831 0.001 0.359264759784 0.626967155591 0.471093460382 0.56495910366 0.321990816201 0.222668532604 0.347807811151 
-0.217343410388 0.001 0.439227361745 0.876676009597 0.566100249446 1.04727236876 0.419168880158 0.165453920818 0.296012884151 
-----------MEAN OF SAMPLES-------------
-0.137818728443 0.001 0.386680982101 0.62319839047 0.648486823374 0.737661139566 0.366477393569 0.251618644757 0.363781841508 
