Mean Noise Amplitude <length scales>
-----------ALL SAMPLES-------------
15685.4400869 0.001 272175.642054 0.537898105227 0.0984188564057 
15411.5458206 0.001 272227.540407 0.522105375478 0.103680909054 
15462.452854 0.001 272664.996311 0.51397800339 0.0917016330903 
15049.2769805 0.001 272882.783681 0.551111501827 0.106373724641 
14849.5498884 0.001 272721.132067 0.568314032425 0.106366754489 
14742.4200951 0.001 273062.029158 0.549587902061 0.0963729904875 
14708.3337382 0.001 273421.110475 0.518954267067 0.0927844486809 
14415.867446 0.001 273790.633177 0.51579506945 0.0860883107901 
14200.8314487 0.001 274164.070641 0.562001939559 0.0981165175866 
14216.8995287 0.001 274172.034863 0.555311329296 0.0940197752479 
-----------MEAN OF SAMPLES-------------
14874.2617887 0.001 273128.197283 0.539505752578 0.0973923920472 
