Mean Noise Amplitude <length scales>
-----------ALL SAMPLES-------------
-0.247801926898 0.001 0.273570868036 0.198738928011 0.329694236124 1.98402273713 0.317022503392 1.93099856935 0.230002398792 
-0.416134615955 0.001 0.323969776829 0.220486415978 0.389113555619 1.87403059206 0.374977417451 1.89015448421 0.228766125021 
-0.491966947422 0.001 0.435151708392 0.30653107101 0.357731347236 1.9361095926 0.365830650736 1.88680417325 0.2957045567 
-0.291573518307 0.001 0.423810269445 0.319835813159 0.357836517907 1.95411604099 0.387231504453 1.94477293259 0.283075626922 
-0.228247935773 0.001 0.372184344455 0.188152702612 0.387116930994 1.93599886822 0.400268205645 1.99296503884 0.280754234024 
-0.190197007125 0.001 0.366337190552 0.313715809954 0.258593083837 1.99484201405 0.25031756128 1.98719106691 0.317815422682 
-0.175459000889 0.001 0.544650038719 0.248373338649 0.323944327107 1.97350008143 0.426384355454 1.94883744406 0.225578044113 
-0.150317215517 0.001 0.414169726288 0.252874725608 0.336085776125 1.71345559357 0.50449125485 1.87593944988 0.289412795664 
-0.450563583331 0.001 0.520238559093 0.218910493492 0.492120042995 1.98611595792 0.353237895591 1.900922855 0.298501531538 
-0.118953829658 0.001 0.412380787222 0.243043571125 0.32333867221 1.97110673026 0.326811809944 1.93545125213 0.276051155457 
-----------MEAN OF SAMPLES-------------
-0.276121558087 0.001 0.408646326903 0.25106628696 0.355557449015 1.93232982082 0.37065731588 1.92940372662 0.272566189091 
