Mean Noise Amplitude <length scales>
-----------ALL SAMPLES-------------
44359.6265246 0.001 395727.929921 0.234893316041 0.0702032792113 
44343.3691871 0.001 395700.549672 0.247684896274 0.0781506944304 
44056.625832 0.001 396046.401174 0.237397934712 0.0716079360776 
43871.2636933 0.001 396187.355746 0.23856758922 0.0768851499553 
43891.6367679 0.001 396295.623444 0.239194479491 0.0753528682934 
43908.2552075 0.001 397269.391552 0.23985264959 0.0753604343409 
44079.1132894 0.001 397883.557246 0.247188867282 0.0724758053273 
44181.20901 0.001 398698.068228 0.234307860549 0.0743022958 
43925.9957234 0.001 398770.536778 0.242829873408 0.0716453055841 
43911.9685556 0.001 399114.127513 0.240401169663 0.0718819325028 
-----------MEAN OF SAMPLES-------------
44052.9063791 0.001 397169.354127 0.240231863623 0.0737865701523 
