Mean Noise Amplitude <length scales>
-----------ALL SAMPLES-------------
45053.9217467 0.001 336660.596761 0.0840364187097 1.27002401774 
44938.8941273 0.001 336718.534728 0.046719601444 1.27024073749 
45061.4647268 0.001 337036.35299 0.0933394579915 1.25548442141 
44816.0350883 0.001 337123.577046 0.0622045547708 1.27463109195 
44688.2942236 0.001 337787.886726 0.0310946720273 1.2478252173 
44568.5497967 0.001 338552.49903 0.0393049026681 1.27049428559 
44460.9465589 0.001 338665.398472 0.0677420711504 1.27746820344 
44499.3939957 0.001 338741.039124 0.0512100276031 1.29098298607 
44261.7571838 0.001 338933.052722 0.0638158384759 1.2426729302 
43624.4934126 0.001 339566.932893 0.0701878747323 1.23580546004 
-----------MEAN OF SAMPLES-------------
44597.375086 0.001 337978.587049 0.0609655419573 1.26356293512 
