Mean Noise Amplitude <length scales>
-----------ALL SAMPLES-------------
10346.5905396 0.001 249969.631423 0.540736346065 0.128602799552 
10136.8626646 0.001 249866.004264 0.549416599724 0.116149798945 
10627.8151907 0.001 249569.963408 0.614135653306 0.131427742125 
10961.21256 0.001 249775.805718 0.552658333031 0.134975419712 
10514.6334911 0.001 249869.154892 0.562860718952 0.12549830764 
10608.2797265 0.001 249639.617948 0.585663430937 0.127779491123 
10553.4881556 0.001 249560.386578 0.561334554201 0.130291907134 
10168.7765018 0.001 249672.114115 0.524700014898 0.121254974226 
10001.2029329 0.001 249732.262194 0.592435249934 0.122582063989 
9965.26692793 0.001 249368.579147 0.588358442465 0.124378117152 
-----------MEAN OF SAMPLES-------------
10388.4128691 0.001 249702.351969 0.567229934351 0.12629406216 
