Mean Noise Amplitude <length scales>
-----------ALL SAMPLES-------------
15191.811048 0.001 265550.510368 0.555392914207 0.118981426634 
14978.6950566 0.001 265569.692043 0.556889755272 0.0508765873575 
15267.6592204 0.001 265868.053057 0.579791471932 0.0992626413886 
15133.6341945 0.001 265937.90899 0.585977553975 0.07849483445 
15235.93446 0.001 266022.991694 0.532508404329 0.0978811948669 
15060.036681 0.001 265974.802988 0.5356911492 0.0590033020866 
15255.6722928 0.001 266039.97093 0.553250010716 0.0972099782271 
15179.3912914 0.001 266191.006452 0.596224047553 0.0830562846586 
15163.8037528 0.001 266259.154902 0.592790138153 0.0670815924649 
15243.0812704 0.001 266213.952945 0.55844281714 0.0643813140668 
-----------MEAN OF SAMPLES-------------
15170.9719268 0.001 265962.804437 0.564695826248 0.0816229156201 
