Mean Noise Amplitude <length scales>
-----------ALL SAMPLES-------------
14978.3553761 0.001 414725.923607 0.0707657801723 0.365678596932 
14901.7482198 0.001 414731.989305 0.0976399158643 0.373240440592 
14931.4523726 0.001 414759.564552 0.100819999098 0.399228289766 
15098.3982816 0.001 414857.368112 0.0692176412323 0.365285043278 
14513.8594584 0.001 414708.889328 0.10497340084 0.374738138679 
14432.2308588 0.001 414737.282735 0.112307291672 0.366558134898 
14542.5592547 0.001 414830.026713 0.108491461784 0.360244312257 
15260.6008028 0.001 414590.688308 0.0714215635476 0.354352075601 
15425.720264 0.001 414488.291061 0.0620662483287 0.387146609629 
14952.7785223 0.001 414916.337063 0.102599942923 0.42308173957 
-----------MEAN OF SAMPLES-------------
14903.7703411 0.001 414734.636078 0.0900303245463 0.37695533812 
