Mean Noise Amplitude <length scales>
-----------ALL SAMPLES-------------
36584.3380017 0.001 540711.408503 0.240182197383 0.0862553353329 
37453.909637 0.001 540611.674122 0.244063422102 0.0576339295685 
37537.0831444 0.001 540721.296562 0.245573541363 0.0476150825151 
38083.8308489 0.001 540692.405759 0.246238258513 0.0824814398546 
37965.5348518 0.001 540653.715694 0.2450915595 0.0823394907257 
38052.8551262 0.001 540617.10255 0.248101867057 0.0818287823935 
38050.1578483 0.001 540613.901437 0.236983883735 0.0829605818606 
38088.0340569 0.001 540879.001484 0.241963553141 0.0780794694078 
37999.2976945 0.001 541124.616898 0.248267604657 0.0690329097354 
38273.0200505 0.001 541153.096929 0.247594703785 0.0595198621902 
-----------MEAN OF SAMPLES-------------
37808.806126 0.001 540777.821994 0.244406059124 0.0727746883584 
