Mean Noise Amplitude <length scales>
-----------ALL SAMPLES-------------
44535.3932333 0.001 251194.776734 0.0629478114072 1.27166984662 
44531.4882085 0.001 251211.881026 0.0750258343197 1.24618181145 
44988.7444724 0.001 251793.002974 0.0575160817002 1.27315569174 
44273.0315658 0.001 251949.523903 0.0561254921397 1.23084129463 
44429.6557617 0.001 252066.019975 0.0402310126576 1.24114185084 
44438.34291 0.001 252387.238769 0.0876176006505 1.24938532673 
43905.0504032 0.001 252587.382115 0.0716737538059 1.24993256295 
43764.5065611 0.001 253018.187254 0.0808990832527 1.20681393863 
43860.7535523 0.001 253275.215173 0.0844080520039 1.23555420978 
43747.4761713 0.001 253266.680928 0.052726249026 1.23915502733 
-----------MEAN OF SAMPLES-------------
44247.444284 0.001 252274.990885 0.0669170970963 1.24438315607 
