Mean Noise Amplitude <length scales>
-----------ALL SAMPLES-------------
11250.3517732 0.001 266279.471247 0.041232189937 0.498851713143 
11254.1537283 0.001 266543.34551 0.0459253197525 0.485104080062 
11017.4316599 0.001 267391.809502 0.0273338217521 0.519319819054 
11257.8959913 0.001 267561.713783 0.0371244820099 0.486574381062 
10915.5689893 0.001 268155.622283 0.0666352782988 0.514711768457 
10643.4845062 0.001 268175.633255 0.060737957921 0.480472660077 
11007.7130442 0.001 268442.505923 0.0623881647459 0.484300554608 
10815.9578275 0.001 268500.889926 0.0220118233557 0.469733191516 
10940.5962784 0.001 268413.342461 0.0467934781175 0.518601233173 
10930.4389607 0.001 269140.902421 0.0274877676165 0.44179910855 
-----------MEAN OF SAMPLES-------------
11003.3592759 0.001 267860.523631 0.0437670283507 0.48994685097 
