Mean Noise Amplitude <length scales>
-----------ALL SAMPLES-------------
42064.3592686 0.001 402412.482335 0.235571798252 0.0825266013358 
41747.3635996 0.001 402541.102362 0.2326681531 0.0955189922371 
41164.3616321 0.001 402876.856933 0.230245907659 0.0750317768468 
41261.6818535 0.001 402877.81533 0.23815134396 0.100072795936 
41486.3972896 0.001 403306.966923 0.230122170501 0.0952393626064 
41933.7809342 0.001 403722.465978 0.234778491137 0.0959656222377 
42731.1822184 0.001 403984.400579 0.238117067715 0.0966780421106 
42673.6647962 0.001 403826.476229 0.237970216256 0.0874988423407 
42490.5873475 0.001 404059.687996 0.236987203225 0.0883897643448 
42477.6719653 0.001 404108.976252 0.235845047175 0.0851856465052 
-----------MEAN OF SAMPLES-------------
42003.1050905 0.001 403371.723092 0.235045739898 0.0902107446501 
