Mean Noise Amplitude <length scales>
-----------ALL SAMPLES-------------
11150.6636579 0.001 246867.768894 0.0854858219989 0.582562640126 
11126.0516827 0.001 247071.37589 0.0630803771242 0.569974123802 
11153.140088 0.001 246915.09167 0.0877476785589 0.571846091693 
11542.5077827 0.001 247433.890041 0.123560323579 0.634215724357 
11095.9033542 0.001 247330.194529 0.114800025664 0.568274413117 
11147.5260823 0.001 247477.177161 0.102472075323 0.581473961594 
11267.5675878 0.001 247408.501809 0.0994742095994 0.624575253613 
11241.2917446 0.001 247818.605757 0.100986162107 0.555998554078 
11194.7411442 0.001 247906.711498 0.0989902308825 0.577671987417 
11696.1963605 0.001 247981.059064 0.124151600431 0.598649492141 
-----------MEAN OF SAMPLES-------------
11261.5589485 0.001 247421.037631 0.100074850527 0.586524224194 
