Mean Noise Amplitude <length scales>
-----------ALL SAMPLES-------------
15305.2004639 0.001 264155.09489 0.0450996507063 0.41247620865 
15170.0533861 0.001 264069.77659 0.0666077401508 0.401874516138 
15078.4981921 0.001 264018.418679 0.0942293756502 0.391821300511 
14973.6493882 0.001 264071.093297 0.100935499742 0.389650968633 
14801.7188356 0.001 264436.293908 0.0773223367857 0.396079466666 
14789.4088498 0.001 264315.216398 0.0844335673226 0.376050552209 
14864.1253015 0.001 264305.36592 0.105994459656 0.38026435689 
15022.3687885 0.001 264107.837322 0.0505345838423 0.392764691044 
15323.898624 0.001 264064.483032 0.0743896055677 0.387174631455 
14795.2567773 0.001 264289.018514 0.0961901765554 0.39374533329 
-----------MEAN OF SAMPLES-------------
15012.4178607 0.001 264183.259855 0.0795736995978 0.392190202548 
