Mean Noise Amplitude <length scales>
-----------ALL SAMPLES-------------
-0.153572093745 0.001 0.310815367909 0.474592313859 1.2354306168 0.646415504199 0.32586981024 0.180416454628 0.290498072141 
-0.0276453321438 0.001 0.354507552744 0.512262870163 0.816050959532 0.728449176937 0.373217491413 0.189422680824 0.391306605127 
-0.260101494873 0.001 0.574403524177 0.591653752869 0.490635132044 0.806897053895 0.387240584573 0.220387652666 0.291697518824 
-0.1197315975 0.001 0.357009128967 0.545734292392 0.438848222605 0.643286474887 0.360756948146 0.226650008215 0.398037627193 
-0.0317804399648 0.001 0.306570941717 0.49419787052 0.867983877362 0.468754493385 0.288818318179 0.261038176982 0.305898027206 
-0.17808641653 0.001 0.519501929808 0.643384068777 0.707963836554 0.500924819166 0.356177910879 0.247711630611 0.275965632317 
-0.0242597601324 0.001 0.454123334993 0.53205699395 0.544751084314 0.919123501586 0.393978626021 0.321400689641 0.433730450822 
-0.00705902537647 0.001 0.525445110572 0.60697276007 0.581245155756 0.558675900864 0.34725439456 0.309513744759 0.389254546818 
-0.0439580700204 0.001 0.417024191573 0.704776958548 0.71033560947 0.557954985443 0.32460497318 0.303122163082 0.381172856896 
-0.00667889889436 0.001 0.391712637899 0.486733612442 0.552631774487 0.530271941714 0.414533248182 0.295012396327 0.361590173021 
-----------MEAN OF SAMPLES-------------
-0.0852873129179 0.001 0.421111372036 0.559236549359 0.694587626892 0.636075385208 0.357245230537 0.255467559773 0.351915151036 
