Mean Noise Amplitude <length scales>
-----------ALL SAMPLES-------------
10831.7545422 0.001 227267.023095 0.0964919902347 0.366941934902 
10623.0666925 0.001 227283.956662 0.113285543623 0.371276809659 
10683.4199167 0.001 227291.245238 0.0910135824113 0.370485665301 
10630.9883999 0.001 227283.011673 0.0921584911025 0.364982971601 
10311.6974033 0.001 226651.353533 0.0876630930802 0.345981519856 
10756.3016073 0.001 226607.505622 0.0994748977412 0.344263755527 
10769.6442944 0.001 226575.626995 0.112523443986 0.356159699968 
10456.0474199 0.001 226733.460075 0.0944430641152 0.353050426187 
10561.8444174 0.001 226884.354256 0.0935490314298 0.353951375712 
11117.720362 0.001 227329.340004 0.116146220648 0.377836467048 
-----------MEAN OF SAMPLES-------------
10674.2485056 0.001 226990.687715 0.0996749358372 0.360493062576 
