Mean Noise Amplitude <length scales>
-----------ALL SAMPLES-------------
14400.4947013 0.001 392862.031362 0.555970348818 0.0701514144123 
14446.8085017 0.001 392865.95276 0.50298633106 0.0928050165018 
14365.2406542 0.001 393679.028898 0.54062820207 0.0957467629625 
14364.8202351 0.001 393678.638 0.53192747731 0.123830221781 
14472.0908864 0.001 393489.746524 0.51282990859 0.0400357033886 
14665.1969941 0.001 393629.057673 0.555901286357 0.111800713011 
14996.2035645 0.001 393133.480819 0.552686096548 0.0602629738179 
15120.7719602 0.001 393148.877775 0.589809051097 0.0945790017807 
15096.9026441 0.001 393247.360172 0.578538433727 0.0429387478449 
15104.944549 0.001 393323.722428 0.573411605671 0.0466730549556 
-----------MEAN OF SAMPLES-------------
14703.3474691 0.001 393305.789641 0.549468874125 0.0778823610457 
