Mean Noise Amplitude <length scales>
-----------ALL SAMPLES-------------
14424.2653413 0.001 263527.78587 0.540950315314 0.117863825975 
14557.289894 0.001 264397.865818 0.542140721215 0.0442227623038 
14605.6081233 0.001 264481.621605 0.572849044372 0.0981255981113 
14899.2548899 0.001 264215.657809 0.5435502295 0.109298751947 
14893.4605338 0.001 264389.683347 0.564328377052 0.114607721901 
14761.1955959 0.001 264593.414469 0.513822771858 0.106293830401 
15294.451308 0.001 264811.334364 0.626214013522 0.0966352998481 
15504.3869543 0.001 264681.742082 0.589599208317 0.0753843573583 
15498.9996081 0.001 264699.328054 0.573478914919 0.094533516987 
15208.4969952 0.001 264668.985352 0.578690283706 0.0996644378734 
-----------MEAN OF SAMPLES-------------
14964.7409244 0.001 264446.741877 0.564562387977 0.0956630102707 
