Mean Noise Amplitude <length scales>
-----------ALL SAMPLES-------------
11125.0014875 0.001 249781.723732 0.0861228986951 0.801146521946 
11419.4136404 0.001 250022.75662 0.0845657759376 0.775881162902 
11007.4449622 0.001 250325.492317 0.0827480834699 0.784924635124 
10895.3281102 0.001 250991.075852 0.0768378150819 0.787810756949 
10871.7698011 0.001 251021.461368 0.0968079622183 0.661366539169 
10135.3743606 0.001 250833.827693 0.0801839765218 0.708290749081 
10421.6070426 0.001 251097.687355 0.0970345923811 0.576829208314 
10567.3884327 0.001 250964.0227 0.0969291652061 0.636488062603 
10812.9916206 0.001 250571.612885 0.0930655272491 0.642294320411 
10527.8674064 0.001 250621.386786 0.102384498116 0.553952710935 
-----------MEAN OF SAMPLES-------------
10778.4186864 0.001 250623.104731 0.0896680294877 0.692898466743 
