Mean Noise Amplitude <length scales>
-----------ALL SAMPLES-------------
44010.6631337 0.001 498689.016286 0.0304247429543 1.21462106594 
44251.6176733 0.001 498974.46738 0.0340992283058 1.18463772042 
44311.1828912 0.001 499406.235862 0.0277707313993 1.17555155713 
43933.8111843 0.001 499243.418661 0.0379388207784 1.22997156766 
44526.0943797 0.001 499411.651735 0.0347572835626 1.21259428866 
44979.9358467 0.001 499790.818128 0.0302684713175 1.23505198429 
44773.586838 0.001 499835.002994 0.0350266157109 1.2339246762 
44912.8259173 0.001 499892.748175 0.0331155685305 1.23958687897 
45023.2299781 0.001 500210.051737 0.0342190307228 1.18499621996 
45035.2847594 0.001 500921.940638 0.0323239873582 1.26800776526 
-----------MEAN OF SAMPLES-------------
44575.8232602 0.001 499637.53516 0.032994448064 1.21789437245 
